0.000000 0.000000
0.010000 0.000080
0.020000 0.000318
0.030000 0.000714
0.040000 0.001266
0.050000 0.001974
0.060000 0.002834
0.070000 0.003848
0.080000 0.005012
0.090000 0.006327
0.100000 0.007791
0.110000 0.009402
0.120000 0.011160
0.130000 0.013063
0.140000 0.015111
0.150000 0.017301
0.160000 0.019633
0.170000 0.022107
0.180000 0.024719
0.190000 0.027471
0.200000 0.030359
0.210000 0.033385
0.220000 0.036545
0.230000 0.039840
0.240000 0.043267
0.250000 0.046827
0.260000 0.050518
0.270000 0.054338
0.280000 0.058288
0.290000 0.062365
0.300000 0.066570
0.310000 0.070900
0.320000 0.075355
0.330000 0.079934
0.340000 0.084636
0.350000 0.089459
0.360000 0.094404
0.370000 0.099469
0.380000 0.104652
0.390000 0.109954
0.400000 0.115373
0.410000 0.120908
0.420000 0.126558
0.430000 0.132322
0.440000 0.138200
0.450000 0.144191
0.460000 0.150293
0.470000 0.156506
0.480000 0.162829
0.490000 0.169260
0.500000 0.175800
0.510000 0.182447
0.520000 0.189201
0.530000 0.196060
0.540000 0.203023
0.550000 0.210091
0.560000 0.217262
0.570000 0.224535
0.580000 0.231909
0.590000 0.239384
0.600000 0.246958
0.610000 0.254632
0.620000 0.262404
0.630000 0.270273
0.640000 0.278239
0.650000 0.286301
0.660000 0.294458
0.670000 0.302710
0.680000 0.311055
0.690000 0.319493
0.700000 0.328023
0.710000 0.336644
0.720000 0.345356
0.730000 0.354158
0.740000 0.363049
0.750000 0.372029
0.760000 0.381097
0.770000 0.390251
0.780000 0.399492
0.790000 0.408819
0.800000 0.418231
0.810000 0.427727
0.820000 0.437307
0.830000 0.446970
0.840000 0.456715
0.850000 0.466542
0.860000 0.476451
0.870000 0.486439
0.880000 0.496507
0.890000 0.506655
0.900000 0.516881
0.910000 0.527184
0.920000 0.537565
0.930000 0.548023
0.940000 0.558557
0.950000 0.569166
0.960000 0.579850
0.970000 0.590608
0.980000 0.601440
0.990000 0.612345
1.000000 0.623322
1.010000 0.634372
1.020000 0.645492
1.030000 0.656684
1.040000 0.667945
1.050000 0.679276
1.060000 0.690677
1.070000 0.702145
1.080000 0.713682
1.090000 0.725286
1.100000 0.736957
1.110000 0.748695
1.120000 0.760498
1.130000 0.772367
1.140000 0.784300
1.150000 0.796298
1.160000 0.808359
1.170000 0.820484
1.180000 0.832671
1.190000 0.844921
1.200000 0.857232
1.210000 0.869605
1.220000 0.882038
1.230000 0.894532
1.240000 0.907086
1.250000 0.919699
1.260000 0.932370
1.270000 0.945101
1.280000 0.957889
1.290000 0.970734
1.300000 0.983637
1.310000 0.996596
1.320000 1.009611
1.330000 1.022682
1.340000 1.035808
1.350000 1.048989
1.360000 1.062224
1.370000 1.075513
1.380000 1.088856
1.390000 1.102251
1.400000 1.115699
1.410000 1.129200
1.420000 1.142752
1.430000 1.156356
1.440000 1.170010
1.450000 1.183715
1.460000 1.197471
1.470000 1.211276
1.480000 1.225130
1.490000 1.239034
1.500000 1.252986
1.510000 1.266986
1.520000 1.281034
1.530000 1.295129
1.540000 1.309271
1.550000 1.323461
1.560000 1.337696
1.570000 1.351977
1.580000 1.366304
1.590000 1.380676
1.600000 1.395093
1.610000 1.409555
1.620000 1.424060
1.630000 1.438610
1.640000 1.453202
1.650000 1.467838
1.660000 1.482517
1.670000 1.497238
1.680000 1.512001
1.690000 1.526806
1.700000 1.541652
1.710000 1.556539
1.720000 1.571467
1.730000 1.586436
1.740000 1.601444
1.750000 1.616492
1.760000 1.631580
1.770000 1.646707
1.780000 1.661873
1.790000 1.677077
1.800000 1.692319
1.810000 1.707600
1.820000 1.722918
1.830000 1.738273
1.840000 1.753665
1.850000 1.769094
1.860000 1.784560
1.870000 1.800061
1.880000 1.815599
1.890000 1.831171
1.900000 1.846780
1.910000 1.862423
1.920000 1.878101
1.930000 1.893813
1.940000 1.909560
1.950000 1.925340
1.960000 1.941154
1.970000 1.957002
1.980000 1.972882
1.990000 1.988795
2.000000 2.004741
2.010000 2.020719
2.020000 2.036730
2.030000 2.052772
2.040000 2.068845
2.050000 2.084950
2.060000 2.101086
2.070000 2.117253
2.080000 2.133450
2.090000 2.149677
2.100000 2.165935
2.110000 2.182222
2.120000 2.198539
2.130000 2.214886
2.140000 2.231261
2.150000 2.247665
2.160000 2.264098
2.170000 2.280560
2.180000 2.297049
2.190000 2.313567
2.200000 2.330112
2.210000 2.346685
2.220000 2.363285
2.230000 2.379912
2.240000 2.396566
2.250000 2.413247
2.260000 2.429954
2.270000 2.446688
2.280000 2.463447
2.290000 2.480233
2.300000 2.497044
2.310000 2.513880
2.320000 2.530741
2.330000 2.547628
2.340000 2.564539
2.350000 2.581475
2.360000 2.598436
2.370000 2.615420
2.380000 2.632429
2.390000 2.649461
2.400000 2.666517
2.410000 2.683597
2.420000 2.700700
2.430000 2.717826
2.440000 2.734975
2.450000 2.752146
2.460000 2.769340
2.470000 2.786557
2.480000 2.803795
2.490000 2.821056
2.500000 2.838338
2.510000 2.855642
2.520000 2.872968
2.530000 2.890315
2.540000 2.907683
2.550000 2.925072
2.560000 2.942482
2.570000 2.959912
2.580000 2.977363
2.590000 2.994834
2.600000 3.012326
2.610000 3.029837
2.620000 3.047368
2.630000 3.064919
2.640000 3.082489
2.650000 3.100079
2.660000 3.117688
2.670000 3.135316
2.680000 3.152963
2.690000 3.170629
2.700000 3.188313
2.710000 3.206016
2.720000 3.223737
2.730000 3.241476
2.740000 3.259233
2.750000 3.277008
2.760000 3.294801
2.770000 3.312611
2.780000 3.330439
2.790000 3.348284
2.800000 3.366146
2.810000 3.384026
2.820000 3.401922
2.830000 3.419835
2.840000 3.437764
2.850000 3.455711
2.860000 3.473673
2.870000 3.491652
2.880000 3.509647
2.890000 3.527657
2.900000 3.545684
2.910000 3.563726
2.920000 3.581784
2.930000 3.599858
2.940000 3.617947
2.950000 3.636051
2.960000 3.654170
2.970000 3.672304
2.980000 3.690453
2.990000 3.708617
3.000000 3.726795
3.010000 3.744988
3.020000 3.763195
3.030000 3.781417
3.040000 3.799652
3.050000 3.817902
3.060000 3.836166
3.070000 3.854443
3.080000 3.872735
3.090000 3.891040
3.100000 3.909358
3.110000 3.927690
3.120000 3.946035
3.130000 3.964393
3.140000 3.982765
3.150000 4.001149
3.160000 4.019546
3.170000 4.037956
3.180000 4.056379
3.190000 4.074814
3.200000 4.093262
3.210000 4.111722
3.220000 4.130194
3.230000 4.148679
3.240000 4.167175
3.250000 4.185684
3.260000 4.204204
3.270000 4.222737
3.280000 4.241281
3.290000 4.259836
3.300000 4.278403
3.310000 4.296982
3.320000 4.315571
3.330000 4.334172
3.340000 4.352785
3.350000 4.371408
3.360000 4.390042
3.370000 4.408687
3.380000 4.427343
3.390000 4.446010
3.400000 4.464687
3.410000 4.483375
3.420000 4.502073
3.430000 4.520781
3.440000 4.539500
3.450000 4.558229
3.460000 4.576969
3.470000 4.595718
3.480000 4.614477
3.490000 4.633246
3.500000 4.652025
3.510000 4.670814
3.520000 4.689612
3.530000 4.708420
3.540000 4.727237
3.550000 4.746064
3.560000 4.764900
3.570000 4.783746
3.580000 4.802600
3.590000 4.821464
3.600000 4.840337
3.610000 4.859219
3.620000 4.878109
3.630000 4.897009
3.640000 4.915917
3.650000 4.934834
3.660000 4.953760
3.670000 4.972694
3.680000 4.991637
3.690000 5.010588
3.700000 5.029547
3.710000 5.048515
3.720000 5.067491
3.730000 5.086475
3.740000 5.105467
3.750000 5.124468
3.760000 5.143476
3.770000 5.162492
3.780000 5.181516
3.790000 5.200548
3.800000 5.219587
3.810000 5.238634
3.820000 5.257689
3.830000 5.276751
3.840000 5.295821
3.850000 5.314898
3.860000 5.333983
3.870000 5.353074
3.880000 5.372173
3.890000 5.391280
3.900000 5.410393
3.910000 5.429513
3.920000 5.448641
3.930000 5.467775
3.940000 5.486916
3.950000 5.506064
3.960000 5.525219
3.970000 5.544381
3.980000 5.563549
3.990000 5.582724
4.000000 5.601906
4.010000 5.621094
4.020000 5.640288
4.030000 5.659489
4.040000 5.678696
4.050000 5.697910
4.060000 5.717130
4.070000 5.736356
4.080000 5.755588
4.090000 5.774826
4.100000 5.794071
4.110000 5.813321
4.120000 5.832577
4.130000 5.851840
4.140000 5.871108
4.150000 5.890382
4.160000 5.909662
4.170000 5.928947
4.180000 5.948239
4.190000 5.967536
4.200000 5.986838
4.210000 6.006146
4.220000 6.025460
4.230000 6.044779
4.240000 6.064103
4.250000 6.083433
4.260000 6.102768
4.270000 6.122109
4.280000 6.141455
4.290000 6.160806
4.300000 6.180162
4.310000 6.199523
4.320000 6.218889
4.330000 6.238261
4.340000 6.257637
4.350000 6.277019
4.360000 6.296405
4.370000 6.315796
4.380000 6.335192
4.390000 6.354593
4.400000 6.373999
4.410000 6.393409
4.420000 6.412824
4.430000 6.432244
4.440000 6.451668
4.450000 6.471097
4.460000 6.490531
4.470000 6.509969
4.480000 6.529411
4.490000 6.548858
4.500000 6.568309
4.510000 6.587765
4.520000 6.607225
4.530000 6.626689
4.540000 6.646158
4.550000 6.665631
4.560000 6.685108
4.570000 6.704589
4.580000 6.724074
4.590000 6.743564
4.600000 6.763057
4.610000 6.782555
4.620000 6.802057
4.630000 6.821562
4.640000 6.841072
4.650000 6.860585
4.660000 6.880102
4.670000 6.899623
4.680000 6.919148
4.690000 6.938677
4.700000 6.958209
4.710000 6.977746
4.720000 6.997285
4.730000 7.016829
4.740000 7.036376
4.750000 7.055927
4.760000 7.075481
4.770000 7.095039
4.780000 7.114601
4.790000 7.134166
4.800000 7.153734
4.810000 7.173306
4.820000 7.192881
4.829151 7.210798
4.839151 7.230379
4.849151 7.249963
4.859151 7.269549
4.869151 7.289136
4.879151 7.308723
4.889151 7.328310
4.899151 7.347895
4.909151 7.367478
4.919151 7.387059
4.929151 7.406635
4.939151 7.426208
4.949151 7.445776
4.959151 7.465337
4.969151 7.484893
4.979151 7.504441
4.989151 7.523981
4.999151 7.543513
5.009151 7.563035
5.019151 7.582548
5.029151 7.602050
5.039151 7.621541
5.049151 7.641019
5.059151 7.660486
5.069151 7.679939
5.079151 7.699378
5.089151 7.718802
5.099151 7.738212
5.109151 7.757606
5.119151 7.776983
5.129151 7.796344
5.139151 7.815687
5.149151 7.835012
5.159151 7.854318
5.169151 7.873605
5.179151 7.892872
5.189151 7.912118
5.199151 7.931344
5.209151 7.950548
5.219151 7.969730
5.229151 7.988889
5.239151 8.008025
5.249151 8.027137
5.259151 8.046226
5.269151 8.065289
5.279151 8.084327
5.289151 8.103340
5.299151 8.122326
5.309151 8.141285
5.319151 8.160218
5.329151 8.179122
5.339151 8.197999
5.349151 8.216846
5.359151 8.235665
5.369151 8.254454
5.379151 8.273214
5.389151 8.291942
5.399151 8.310640
5.409151 8.329307
5.419151 8.347942
5.429151 8.366545
5.439151 8.385115
5.449151 8.403653
5.459151 8.422157
5.469151 8.440628
5.479151 8.459064
5.489151 8.477466
5.499151 8.495833
5.509151 8.514165
5.519151 8.532461
5.529151 8.550721
5.539151 8.568946
5.549151 8.587133
5.559151 8.605284
5.569151 8.623397
5.579151 8.641472
5.589151 8.659510
5.599151 8.677509
5.609151 8.695470
5.619151 8.713392
5.629151 8.731275
5.639151 8.749119
5.649151 8.766922
5.659151 8.784686
5.669151 8.802409
5.679151 8.820092
5.689151 8.837733
5.699151 8.855334
5.709151 8.872894
5.719151 8.890411
5.729151 8.907887
5.739151 8.925321
5.749151 8.942712
5.759151 8.960061
5.769151 8.977367
5.779151 8.994630
5.789151 9.011850
5.799151 9.029027
5.809151 9.046159
5.819151 9.063248
5.829151 9.080293
5.839151 9.097294
5.849151 9.114250
5.859151 9.131162
5.869151 9.148028
5.879151 9.164850
5.889151 9.181627
5.899151 9.198359
5.909151 9.215045
5.919151 9.231685
5.929151 9.248280
5.939151 9.264829
5.949151 9.281332
5.959151 9.297789
5.969151 9.314199
5.979151 9.330564
5.989151 9.346881
5.999151 9.363152
6.009151 9.379377
6.019151 9.395554
6.029151 9.411684
6.039151 9.427768
6.049151 9.443804
6.059151 9.459793
6.069151 9.475735
6.079151 9.491629
6.089151 9.507476
6.099151 9.523276
6.109151 9.539027
6.119151 9.554731
6.129151 9.570388
6.139151 9.585996
6.149151 9.601557
6.159151 9.617070
6.169151 9.632534
6.179151 9.647951
6.189151 9.663320
6.199151 9.678641
6.209151 9.693913
6.219151 9.709138
6.229151 9.724314
6.239151 9.739442
6.249151 9.754522
6.259151 9.769554
6.269151 9.784537
6.279151 9.799473
6.289151 9.814360
6.299151 9.829199
6.309151 9.843990
6.319151 9.858732
6.329151 9.873427
6.339151 9.888073
6.349151 9.902671
6.359151 9.917221
6.369151 9.931723
6.379151 9.946177
6.389151 9.960583
6.399151 9.974941
6.409151 9.989250
6.419151 10.003512
6.429151 10.017726
6.439151 10.031893
6.449151 10.046011
6.459151 10.060082
6.469151 10.074105
6.479151 10.088080
6.489151 10.102008
6.499151 10.115888
6.509151 10.129721
6.519151 10.143507
6.529151 10.157245
6.539151 10.170936
6.549151 10.184581
6.559151 10.198178
6.569151 10.211728
6.579151 10.225231
6.589151 10.238687
6.599151 10.252097
6.609151 10.265460
6.619151 10.278777
6.629151 10.292047
6.639151 10.305271
6.649151 10.318449
6.659151 10.331580
6.669151 10.344666
6.679151 10.357706
6.689151 10.370700
6.699151 10.383648
6.709151 10.396551
6.719151 10.409409
6.729151 10.422221
6.739151 10.434988
6.749151 10.447710
6.759151 10.460388
6.769151 10.473020
6.779151 10.485608
6.789151 10.498151
6.799151 10.510650
6.809151 10.523105
6.819151 10.535515
6.829151 10.547882
6.839151 10.560205
6.849151 10.572484
6.859151 10.584720
6.869151 10.596913
6.879151 10.609062
6.889151 10.621168
6.899151 10.633231
6.909151 10.645252
6.919151 10.657230
6.929151 10.669165
6.939151 10.681059
6.949151 10.692910
6.959151 10.704719
6.969151 10.716487
6.979151 10.728213
6.989151 10.739897
6.999151 10.751541
7.000000 10.752527
7.010000 10.752527
7.020000 10.752527
7.030000 10.752527
7.040000 10.752527
7.050000 10.752527
7.060000 10.752527
7.070000 10.752527
7.080000 10.752527
7.090000 10.752527
7.100000 10.752527
7.110000 10.752527
7.120000 10.752527
7.130000 10.752527
7.140000 10.752527
7.150000 10.752527
7.160000 10.752527
7.170000 10.752527
7.180000 10.752527
7.190000 10.752527
7.200000 10.752527
7.210000 10.752527
7.220000 10.752527
7.230000 10.752527
7.240000 10.752527
7.250000 10.752527
7.260000 10.752527
7.270000 10.752527
7.280000 10.752527
7.290000 10.752527
7.300000 10.752527
7.310000 10.752527
7.320000 10.752527
7.330000 10.752527
7.340000 10.752527
7.350000 10.752527
7.360000 10.752527
7.370000 10.752527
7.380000 10.752527
7.390000 10.752527
7.400000 10.752527
7.410000 10.752527
7.420000 10.752527
7.430000 10.752527
7.440000 10.752527
7.450000 10.752527
7.460000 10.752527
7.470000 10.752527
7.480000 10.752527
7.490000 10.752527
7.500000 10.752527
7.510000 10.752527
7.520000 10.752527
7.530000 10.752527
7.540000 10.752527
7.550000 10.752527
7.560000 10.752527
7.570000 10.752527
7.580000 10.752527
7.590000 10.752527
7.600000 10.752527
7.610000 10.752527
7.620000 10.752527
7.630000 10.752527
7.640000 10.752527
7.650000 10.752527
7.660000 10.752527
7.670000 10.752527
7.680000 10.752527
7.690000 10.752527
7.700000 10.752527
7.710000 10.752527
7.720000 10.752527
7.730000 10.752527
7.740000 10.752527
7.750000 10.752527
7.760000 10.752527
7.770000 10.752527
7.780000 10.752527
7.790000 10.752527
7.800000 10.752527
7.810000 10.752527
7.820000 10.752527
7.830000 10.752527
7.840000 10.752527
7.850000 10.752527
7.860000 10.752527
7.870000 10.752527
7.880000 10.752527
7.890000 10.752527
7.900000 10.752527
7.910000 10.752527
7.920000 10.752527
7.930000 10.752527
7.940000 10.752527
7.950000 10.752527
7.960000 10.752527
7.970000 10.752527
7.980000 10.752527
7.990000 10.752527
8.000000 10.752527
8.010000 10.752527
8.020000 10.752527
8.030000 10.752527
8.040000 10.752527
8.050000 10.752527
8.060000 10.752527
8.070000 10.752527
8.080000 10.752527
8.090000 10.752527
8.100000 10.752527
8.110000 10.752527
8.120000 10.752527
8.130000 10.752527
8.140000 10.752527
8.150000 10.752527
8.160000 10.752527
8.170000 10.752527
8.180000 10.752527
8.190000 10.752527
8.200000 10.752527
8.210000 10.752527
8.220000 10.752527
8.230000 10.752527
8.240000 10.752527
8.250000 10.752527
8.260000 10.752527
8.270000 10.752527
8.280000 10.752527
8.290000 10.752527
8.300000 10.752527
8.310000 10.752527
8.320000 10.752527
8.330000 10.752527
8.340000 10.752527
8.350000 10.752527
8.360000 10.752527
8.370000 10.752527
8.380000 10.752527
8.390000 10.752527
8.400000 10.752527
8.410000 10.752527
8.420000 10.752527
8.430000 10.752527
8.440000 10.752527
8.450000 10.752527
8.460000 10.752527
8.470000 10.752527
8.480000 10.752527
8.490000 10.752527
8.500000 10.752527
8.510000 10.752527
8.520000 10.752527
8.530000 10.752527
8.540000 10.752527
8.550000 10.752527
8.560000 10.752527
8.570000 10.752527
8.580000 10.752527
8.590000 10.752527
8.600000 10.752527
8.610000 10.752527
8.620000 10.752527
8.630000 10.752527
8.640000 10.752527
8.650000 10.752527
8.660000 10.752527
8.670000 10.752527
8.680000 10.752527
8.690000 10.752527
8.700000 10.752527
8.710000 10.752527
8.720000 10.752527
8.730000 10.752527
8.740000 10.752527
8.750000 10.752527
8.760000 10.752527
8.770000 10.752527
8.780000 10.752527
8.790000 10.752527
8.800000 10.752527
8.810000 10.752527
8.820000 10.752527
8.830000 10.752527
8.840000 10.752527
8.850000 10.752527
8.860000 10.752527
8.870000 10.752527
8.880000 10.752527
8.890000 10.752527
8.900000 10.752527
8.910000 10.752527
8.920000 10.752527
8.930000 10.752527
8.940000 10.752527
8.950000 10.752527
8.960000 10.752527
8.970000 10.752527
8.980000 10.752527
8.990000 10.752527
9.000000 10.752527
9.010000 10.752527
9.020000 10.752527
9.030000 10.752527
9.040000 10.752527
9.050000 10.752527
9.060000 10.752527
9.070000 10.752527
9.080000 10.752527
9.090000 10.752527
9.100000 10.752527
9.110000 10.752527
9.120000 10.752527
9.130000 10.752527
9.140000 10.752527
9.150000 10.752527
9.160000 10.752527
9.170000 10.752527
9.180000 10.752527
9.190000 10.752527
9.200000 10.752527
9.210000 10.752527
9.220000 10.752527
9.230000 10.752527
9.240000 10.752527
9.250000 10.752527
9.260000 10.752527
9.270000 10.752527
9.280000 10.752527
9.290000 10.752527
9.300000 10.752527
9.310000 10.752527
9.320000 10.752527
9.330000 10.752527
9.340000 10.752527
9.350000 10.752527
9.360000 10.752527
9.370000 10.752527
9.380000 10.752527
9.390000 10.752527
9.400000 10.752527
9.410000 10.752527
9.420000 10.752527
9.430000 10.752527
9.440000 10.752527
9.450000 10.752527
9.460000 10.752527
9.470000 10.752527
9.480000 10.752527
9.490000 10.752527
9.500000 10.752527
9.510000 10.752527
9.520000 10.752527
9.530000 10.752527
9.540000 10.752527
9.550000 10.752527
9.560000 10.752527
9.570000 10.752527
9.580000 10.752527
9.590000 10.752527
9.600000 10.752527
9.610000 10.752527
9.620000 10.752527
9.630000 10.752527
9.640000 10.752527
9.650000 10.752527
9.660000 10.752527
9.670000 10.752527
9.680000 10.752527
9.690000 10.752527
9.700000 10.752527
9.710000 10.752527
9.720000 10.752527
9.730000 10.752527
9.740000 10.752527
9.750000 10.752527
9.760000 10.752527
9.770000 10.752527
9.780000 10.752527
9.790000 10.752527
9.800000 10.752527
9.810000 10.752527
9.820000 10.752527
9.830000 10.752527
9.840000 10.752527
9.850000 10.752527
9.860000 10.752527
9.870000 10.752527
9.880000 10.752527
9.890000 10.752527
9.900000 10.752527
9.910000 10.752527
9.920000 10.752527
9.930000 10.752527
9.940000 10.752527
9.950000 10.752527
9.960000 10.752527
9.970000 10.752527
9.980000 10.752527
9.990000 10.752527
10.000000 10.752527
10.010000 10.752527
10.020000 10.752527
10.030000 10.752527
10.040000 10.752527
10.050000 10.752527
10.060000 10.752527
10.070000 10.752527
10.080000 10.752527
10.090000 10.752527
10.100000 10.752527
10.110000 10.752527
10.120000 10.752527
10.130000 10.752527
10.140000 10.752527
10.150000 10.752527
10.160000 10.752527
10.170000 10.752527
10.180000 10.752527
10.190000 10.752527
10.200000 10.752527
10.210000 10.752527
10.220000 10.752527
10.230000 10.752527
10.240000 10.752527
10.250000 10.752527
10.260000 10.752527
10.270000 10.752527
10.280000 10.752527
10.290000 10.752527
10.300000 10.752527
10.310000 10.752527
10.320000 10.752527
10.330000 10.752527
10.340000 10.752527
10.350000 10.752527
10.360000 10.752527
10.370000 10.752527
10.380000 10.752527
10.390000 10.752527
10.400000 10.752527
10.410000 10.752527
10.420000 10.752527
10.430000 10.752527
10.440000 10.752527
10.450000 10.752527
10.460000 10.752527
10.470000 10.752527
10.480000 10.752527
10.490000 10.752527
10.500000 10.752527
10.510000 10.752527
10.520000 10.752527
10.530000 10.752527
10.540000 10.752527
10.550000 10.752527
10.560000 10.752527
10.570000 10.752527
10.580000 10.752527
10.590000 10.752527
10.600000 10.752527
10.610000 10.752527
10.620000 10.752527
10.630000 10.752527
10.640000 10.752527
10.650000 10.752527
10.660000 10.752527
10.670000 10.752527
10.680000 10.752527
10.690000 10.752527
10.700000 10.752527
10.710000 10.752527
10.720000 10.752527
10.730000 10.752527
10.740000 10.752527
10.750000 10.752527
10.760000 10.752527
10.770000 10.752527
10.780000 10.752527
10.790000 10.752527
10.800000 10.752527
10.810000 10.752527
10.820000 10.752527
10.830000 10.752527
10.840000 10.752527
10.850000 10.752527
10.860000 10.752527
10.870000 10.752527
10.880000 10.752527
10.890000 10.752527
10.900000 10.752527
10.910000 10.752527
10.920000 10.752527
10.930000 10.752527
10.940000 10.752527
10.950000 10.752527
10.960000 10.752527
10.970000 10.752527
10.980000 10.752527
10.990000 10.752527
11.000000 10.752527
11.010000 10.752527
11.020000 10.752527
11.030000 10.752527
11.040000 10.752527
11.050000 10.752527
11.060000 10.752527
11.070000 10.752527
11.080000 10.752527
11.090000 10.752527
11.100000 10.752527
11.110000 10.752527
11.120000 10.752527
11.130000 10.752527
11.140000 10.752527
11.150000 10.752527
11.160000 10.752527
11.170000 10.752527
11.180000 10.752527
11.190000 10.752527
11.200000 10.752527
11.210000 10.752527
11.220000 10.752527
11.230000 10.752527
11.240000 10.752527
11.250000 10.752527
11.260000 10.752527
11.270000 10.752527
11.280000 10.752527
11.290000 10.752527
11.300000 10.752527
11.310000 10.752527
11.320000 10.752527
11.330000 10.752527
11.340000 10.752527
11.350000 10.752527
11.360000 10.752527
11.370000 10.752527
11.380000 10.752527
11.390000 10.752527
11.400000 10.752527
11.410000 10.752527
11.420000 10.752527
11.430000 10.752527
11.440000 10.752527
11.450000 10.752527
11.460000 10.752527
11.470000 10.752527
11.480000 10.752527
11.490000 10.752527
11.500000 10.752527
11.510000 10.752527
11.520000 10.752527
11.530000 10.752527
11.540000 10.752527
11.550000 10.752527
11.560000 10.752527
11.570000 10.752527
11.580000 10.752527
11.590000 10.752527
11.600000 10.752527
11.610000 10.752527
11.620000 10.752527
11.630000 10.752527
11.640000 10.752527
11.650000 10.752527
11.660000 10.752527
11.670000 10.752527
11.680000 10.752527
11.690000 10.752527
11.700000 10.752527
11.710000 10.752527
11.720000 10.752527
11.730000 10.752527
11.740000 10.752527
11.750000 10.752527
11.760000 10.752527
11.770000 10.752527
11.780000 10.752527
11.790000 10.752527
11.800000 10.752527
11.810000 10.752527
11.820000 10.752527
11.830000 10.752527
11.840000 10.752527
11.850000 10.752527
11.860000 10.752527
11.870000 10.752527
11.880000 10.752527
11.890000 10.752527
11.900000 10.752527
11.910000 10.752527
11.920000 10.752527
11.930000 10.752527
11.940000 10.752527
11.950000 10.752527
11.960000 10.752527
11.970000 10.752527
11.980000 10.752527
11.990000 10.752527
12.000000 10.752527
12.010000 10.752527
12.020000 10.752527
12.030000 10.752527
12.040000 10.752527
12.050000 10.752527
12.060000 10.752527
12.070000 10.752527
12.080000 10.752527
12.090000 10.752527
12.100000 10.752527
12.110000 10.752527
12.120000 10.752527
12.130000 10.752527
12.140000 10.752527
12.150000 10.752527
12.160000 10.752527
12.170000 10.752527
12.180000 10.752527
12.190000 10.752527
12.200000 10.752527
12.210000 10.752527
12.220000 10.752527
12.230000 10.752527
12.240000 10.752527
12.250000 10.752527
12.260000 10.752527
12.270000 10.752527
12.280000 10.752527
12.290000 10.752527
12.300000 10.752527
12.310000 10.752527
12.320000 10.752527
12.330000 10.752527
12.340000 10.752527
12.350000 10.752527
12.360000 10.752527
12.370000 10.752527
12.380000 10.752527
12.390000 10.752527
12.400000 10.752527
12.410000 10.752527
12.420000 10.752527
12.430000 10.752527
12.440000 10.752527
12.450000 10.752527
12.460000 10.752527
12.470000 10.752527
12.480000 10.752527
12.490000 10.752527
12.500000 10.752527
12.510000 10.752527
12.520000 10.752527
12.530000 10.752527
12.540000 10.752527
12.550000 10.752527
12.560000 10.752527
12.570000 10.752527
12.580000 10.752527
12.590000 10.752527
12.600000 10.752527
12.610000 10.752527
12.620000 10.752527
12.630000 10.752527
12.640000 10.752527
12.650000 10.752527
12.660000 10.752527
12.670000 10.752527
12.680000 10.752527
12.690000 10.752527
12.700000 10.752527
12.710000 10.752527
12.720000 10.752527
12.730000 10.752527
12.740000 10.752527
12.750000 10.752527
12.760000 10.752527
12.770000 10.752527
12.780000 10.752527
12.790000 10.752527
12.800000 10.752527
12.810000 10.752527
12.820000 10.752527
12.830000 10.752527
12.840000 10.752527
12.850000 10.752527
12.860000 10.752527
12.870000 10.752527
12.880000 10.752527
12.890000 10.752527
12.900000 10.752527
12.910000 10.752527
12.920000 10.752527
12.930000 10.752527
12.940000 10.752527
12.950000 10.752527
12.960000 10.752527
12.970000 10.752527
12.980000 10.752527
12.990000 10.752527
13.000000 10.752527
13.010000 10.752527
13.020000 10.752527
13.030000 10.752527
13.040000 10.752527
13.050000 10.752527
13.060000 10.752527
13.070000 10.752527
13.080000 10.752527
13.090000 10.752527
13.100000 10.752527
13.110000 10.752527
13.120000 10.752527
13.130000 10.752527
13.140000 10.752527
13.150000 10.752527
13.160000 10.752527
13.170000 10.752527
13.180000 10.752527
13.190000 10.752527
13.200000 10.752527
13.210000 10.752527
13.220000 10.752527
13.230000 10.752527
13.240000 10.752527
13.250000 10.752527
13.260000 10.752527
13.270000 10.752527
13.280000 10.752527
13.290000 10.752527
13.300000 10.752527
13.310000 10.752527
13.320000 10.752527
13.330000 10.752527
13.340000 10.752527
13.350000 10.752527
13.360000 10.752527
13.370000 10.752527
13.380000 10.752527
13.390000 10.752527
13.400000 10.752527
13.410000 10.752527
13.420000 10.752527
13.430000 10.752527
13.440000 10.752527
13.450000 10.752527
13.460000 10.752527
13.470000 10.752527
13.480000 10.752527
13.490000 10.752527
13.500000 10.752527
13.510000 10.752527
13.520000 10.752527
13.530000 10.752527
13.540000 10.752527
13.550000 10.752527
13.560000 10.752527
13.570000 10.752527
13.580000 10.752527
13.590000 10.752527
13.600000 10.752527
13.610000 10.752527
13.620000 10.752527
13.630000 10.752527
13.640000 10.752527
13.650000 10.752527
13.660000 10.752527
13.670000 10.752527
13.680000 10.752527
13.690000 10.752527
13.700000 10.752527
13.710000 10.752527
13.720000 10.752527
13.730000 10.752527
13.740000 10.752527
13.750000 10.752527
13.760000 10.752527
13.770000 10.752527
13.780000 10.752527
13.790000 10.752527
13.800000 10.752527
13.810000 10.752527
13.820000 10.752527
13.830000 10.752527
13.840000 10.752527
13.850000 10.752527
13.860000 10.752527
13.870000 10.752527
13.880000 10.752527
13.890000 10.752527
13.900000 10.752527
13.910000 10.752527
13.920000 10.752527
13.930000 10.752527
13.940000 10.752527
13.950000 10.752527
13.960000 10.752527
13.970000 10.752527
13.980000 10.752527
13.990000 10.752527
14.000000 10.752527
14.010000 10.752527
14.020000 10.752527
14.030000 10.752527
14.040000 10.752527
14.050000 10.752527
14.060000 10.752527
14.070000 10.752527
14.080000 10.752527
14.090000 10.752527
14.100000 10.752527
14.110000 10.752527
14.120000 10.752527
14.130000 10.752527
14.140000 10.752527
14.150000 10.752527
14.160000 10.752527
14.170000 10.752527
14.180000 10.752527
14.190000 10.752527
14.200000 10.752527
14.210000 10.752527
14.220000 10.752527
14.230000 10.752527
14.240000 10.752527
14.250000 10.752527
14.260000 10.752527
14.270000 10.752527
14.280000 10.752527
14.290000 10.752527
14.300000 10.752527
14.310000 10.752527
14.320000 10.752527
14.330000 10.752527
14.340000 10.752527
14.350000 10.752527
14.360000 10.752527
14.370000 10.752527
14.380000 10.752527
14.390000 10.752527
14.400000 10.752527
14.410000 10.752527
14.420000 10.752527
14.430000 10.752527
14.440000 10.752527
14.450000 10.752527
14.460000 10.752527
14.470000 10.752527
14.480000 10.752527
14.490000 10.752527
14.500000 10.752527
14.510000 10.752527
14.520000 10.752527
14.530000 10.752527
14.540000 10.752527
14.550000 10.752527
14.560000 10.752527
14.570000 10.752527
14.580000 10.752527
14.590000 10.752527
14.600000 10.752527
14.610000 10.752527
14.620000 10.752527
14.630000 10.752527
14.640000 10.752527
14.650000 10.752527
14.660000 10.752527
14.670000 10.752527
14.680000 10.752527
14.690000 10.752527
14.700000 10.752527
14.710000 10.752527
14.720000 10.752527
14.730000 10.752527
14.740000 10.752527
14.750000 10.752527
14.760000 10.752527
14.770000 10.752527
14.780000 10.752527
14.790000 10.752527
14.800000 10.752527
14.810000 10.752527
14.820000 10.752527
14.830000 10.752527
14.840000 10.752527
14.850000 10.752527
14.860000 10.752527
14.870000 10.752527
14.880000 10.752527
14.890000 10.752527
14.900000 10.752527
14.910000 10.752527
14.920000 10.752527
14.930000 10.752527
14.940000 10.752527
14.950000 10.752527
14.960000 10.752527
14.970000 10.752527
14.980000 10.752527
14.990000 10.752527
15.000000 10.752527
15.010000 10.752527
15.020000 10.752527
15.030000 10.752527
15.040000 10.752527
15.050000 10.752527
15.060000 10.752527
15.070000 10.752527
15.080000 10.752527
15.090000 10.752527
15.100000 10.752527
15.110000 10.752527
15.120000 10.752527
15.130000 10.752527
15.140000 10.752527
15.150000 10.752527
15.160000 10.752527
15.170000 10.752527
15.180000 10.752527
15.190000 10.752527
15.200000 10.752527
15.210000 10.752527
15.220000 10.752527
15.230000 10.752527
15.240000 10.752527
15.250000 10.752527
15.260000 10.752527
15.270000 10.752527
15.280000 10.752527
15.290000 10.752527
15.300000 10.752527
15.310000 10.752527
15.320000 10.752527
15.330000 10.752527
15.340000 10.752527
15.350000 10.752527
15.360000 10.752527
15.370000 10.752527
15.380000 10.752527
15.390000 10.752527
15.400000 10.752527
15.410000 10.752527
15.420000 10.752527
15.430000 10.752527
15.440000 10.752527
15.450000 10.752527
15.460000 10.752527
15.470000 10.752527
15.480000 10.752527
15.490000 10.752527
15.500000 10.752527
15.510000 10.752527
15.520000 10.752527
15.530000 10.752527
15.540000 10.752527
15.550000 10.752527
15.560000 10.752527
15.570000 10.752527
15.580000 10.752527
15.590000 10.752527
15.600000 10.752527
15.610000 10.752527
15.620000 10.752527
15.630000 10.752527
15.640000 10.752527
15.650000 10.752527
15.660000 10.752527
15.670000 10.752527
15.680000 10.752527
15.690000 10.752527
15.700000 10.752527
15.710000 10.752527
15.720000 10.752527
15.730000 10.752527
15.740000 10.752527
15.750000 10.752527
15.760000 10.752527
15.770000 10.752527
15.780000 10.752527
15.790000 10.752527
15.800000 10.752527
15.810000 10.752527
15.820000 10.752527
15.830000 10.752527
15.840000 10.752527
15.850000 10.752527
15.860000 10.752527
15.870000 10.752527
15.880000 10.752527
15.890000 10.752527
15.900000 10.752527
15.910000 10.752527
15.920000 10.752527
15.930000 10.752527
15.940000 10.752527
15.950000 10.752527
15.960000 10.752527
15.970000 10.752527
15.980000 10.752527
15.990000 10.752527
16.000000 10.752527
16.010000 10.752527
16.020000 10.752527
16.030000 10.752527
16.040000 10.752527
16.050000 10.752527
16.060000 10.752527
16.070000 10.752527
16.080000 10.752527
16.090000 10.752527
16.100000 10.752527
16.110000 10.752527
16.120000 10.752527
16.130000 10.752527
16.140000 10.752527
16.150000 10.752527
16.160000 10.752527
16.170000 10.752527
16.180000 10.752527
16.190000 10.752527
16.200000 10.752527
16.210000 10.752527
16.220000 10.752527
16.230000 10.752527
16.240000 10.752527
16.250000 10.752527
16.260000 10.752527
16.270000 10.752527
16.280000 10.752527
16.290000 10.752527
16.300000 10.752527
16.310000 10.752527
16.320000 10.752527
16.330000 10.752527
16.340000 10.752527
16.350000 10.752527
16.360000 10.752527
16.370000 10.752527
16.380000 10.752527
16.390000 10.752527
16.400000 10.752527
16.410000 10.752527
16.420000 10.752527
16.430000 10.752527
16.440000 10.752527
16.450000 10.752527
16.460000 10.752527
16.470000 10.752527
16.480000 10.752527
16.490000 10.752527
16.500000 10.752527
16.510000 10.752527
16.520000 10.752527
16.530000 10.752527
16.540000 10.752527
16.550000 10.752527
16.560000 10.752527
16.570000 10.752527
16.580000 10.752527
16.590000 10.752527
16.600000 10.752527
16.610000 10.752527
16.620000 10.752527
16.630000 10.752527
16.640000 10.752527
16.650000 10.752527
16.660000 10.752527
16.670000 10.752527
16.680000 10.752527
16.690000 10.752527
16.700000 10.752527
16.710000 10.752527
16.720000 10.752527
16.730000 10.752527
16.740000 10.752527
16.750000 10.752527
16.760000 10.752527
16.770000 10.752527
16.780000 10.752527
16.790000 10.752527
16.800000 10.752527
16.810000 10.752527
16.820000 10.752527
16.830000 10.752527
16.840000 10.752527
16.850000 10.752527
16.860000 10.752527
16.870000 10.752527
16.880000 10.752527
16.890000 10.752527
16.900000 10.752527
16.910000 10.752527
16.920000 10.752527
16.930000 10.752527
16.940000 10.752527
16.950000 10.752527
16.960000 10.752527
16.970000 10.752527
16.980000 10.752527
16.990000 10.752527
17.000000 10.752527
17.010000 10.752527
17.020000 10.752527
17.030000 10.752527
17.040000 10.752527
17.050000 10.752527
17.060000 10.752527
17.070000 10.752527
17.080000 10.752527
17.090000 10.752527
17.100000 10.752527
17.110000 10.752527
17.120000 10.752527
17.130000 10.752527
17.140000 10.752527
17.150000 10.752527
17.160000 10.752527
17.170000 10.752527
17.180000 10.752527
17.190000 10.752527
17.200000 10.752527
17.210000 10.752527
17.220000 10.752527
17.230000 10.752527
17.240000 10.752527
17.250000 10.752527
17.260000 10.752527
17.270000 10.752527
17.280000 10.752527
17.290000 10.752527
17.300000 10.752527
17.310000 10.752527
17.320000 10.752527
17.330000 10.752527
17.340000 10.752527
17.350000 10.752527
17.360000 10.752527
17.370000 10.752527
17.380000 10.752527
17.390000 10.752527
17.400000 10.752527
17.410000 10.752527
17.420000 10.752527
17.430000 10.752527
17.440000 10.752527
17.450000 10.752527
17.460000 10.752527
17.470000 10.752527
17.480000 10.752527
17.490000 10.752527
17.500000 10.752527
17.510000 10.752527
17.520000 10.752527
17.530000 10.752527
17.540000 10.752527
17.550000 10.752527
17.560000 10.752527
17.570000 10.752527
17.580000 10.752527
17.590000 10.752527
17.600000 10.752527
17.610000 10.752527
17.620000 10.752527
17.630000 10.752527
17.640000 10.752527
17.650000 10.752527
17.660000 10.752527
17.670000 10.752527
17.680000 10.752527
17.690000 10.752527
17.700000 10.752527
17.710000 10.752527
17.720000 10.752527
17.730000 10.752527
17.740000 10.752527
17.750000 10.752527
17.760000 10.752527
17.770000 10.752527
17.780000 10.752527
17.790000 10.752527
17.800000 10.752527
17.810000 10.752527
17.820000 10.752527
17.830000 10.752527
17.840000 10.752527
17.850000 10.752527
17.860000 10.752527
17.870000 10.752527
17.880000 10.752527
17.890000 10.752527
17.900000 10.752527
17.910000 10.752527
17.920000 10.752527
17.930000 10.752527
17.940000 10.752527
17.950000 10.752527
17.960000 10.752527
17.970000 10.752527
17.980000 10.752527
17.990000 10.752527
18.000000 10.752527
18.010000 10.752527
18.020000 10.752527
18.030000 10.752527
18.040000 10.752527
18.050000 10.752527
18.060000 10.752527
18.070000 10.752527
18.080000 10.752527
18.090000 10.752527
18.100000 10.752527
18.110000 10.752527
18.120000 10.752527
18.130000 10.752527
18.140000 10.752527
18.150000 10.752527
18.160000 10.752527
18.170000 10.752527
18.180000 10.752527
18.190000 10.752527
18.200000 10.752527
18.210000 10.752527
18.220000 10.752527
18.230000 10.752527
18.240000 10.752527
18.250000 10.752527
18.260000 10.752527
18.270000 10.752527
18.280000 10.752527
18.290000 10.752527
18.300000 10.752527
18.310000 10.752527
18.320000 10.752527
18.330000 10.752527
18.340000 10.752527
18.350000 10.752527
18.360000 10.752527
18.370000 10.752527
18.380000 10.752527
18.390000 10.752527
18.400000 10.752527
18.410000 10.752527
18.420000 10.752527
18.430000 10.752527
18.440000 10.752527
18.450000 10.752527
18.460000 10.752527
18.470000 10.752527
18.480000 10.752527
18.490000 10.752527
18.500000 10.752527
18.510000 10.752527
18.520000 10.752527
18.530000 10.752527
18.540000 10.752527
18.550000 10.752527
18.560000 10.752527
18.570000 10.752527
18.580000 10.752527
18.590000 10.752527
18.600000 10.752527
18.610000 10.752527
18.620000 10.752527
18.630000 10.752527
18.640000 10.752527
18.650000 10.752527
18.660000 10.752527
18.670000 10.752527
18.680000 10.752527
18.690000 10.752527
18.700000 10.752527
18.710000 10.752527
18.720000 10.752527
18.730000 10.752527
18.740000 10.752527
18.750000 10.752527
18.760000 10.752527
18.770000 10.752527
18.780000 10.752527
18.790000 10.752527
18.800000 10.752527
18.810000 10.752527
18.820000 10.752527
18.830000 10.752527
18.840000 10.752527
18.850000 10.752527
18.860000 10.752527
18.870000 10.752527
18.880000 10.752527
18.890000 10.752527
18.900000 10.752527
18.910000 10.752527
18.920000 10.752527
18.930000 10.752527
18.940000 10.752527
18.950000 10.752527
18.960000 10.752527
18.970000 10.752527
18.980000 10.752527
18.990000 10.752527
19.000000 10.752527
19.010000 10.752527
19.020000 10.752527
19.030000 10.752527
19.040000 10.752527
19.050000 10.752527
19.060000 10.752527
19.070000 10.752527
19.080000 10.752527
19.090000 10.752527
19.100000 10.752527
19.110000 10.752527
19.120000 10.752527
19.130000 10.752527
19.140000 10.752527
19.150000 10.752527
19.160000 10.752527
19.170000 10.752527
19.180000 10.752527
19.190000 10.752527
19.200000 10.752527
19.210000 10.752527
19.220000 10.752527
19.230000 10.752527
19.240000 10.752527
19.250000 10.752527
19.260000 10.752527
19.270000 10.752527
19.280000 10.752527
19.290000 10.752527
19.300000 10.752527
19.310000 10.752527
19.320000 10.752527
19.330000 10.752527
19.340000 10.752527
19.350000 10.752527
19.360000 10.752527
19.370000 10.752527
19.380000 10.752527
19.390000 10.752527
19.400000 10.752527
19.410000 10.752527
19.420000 10.752527
19.430000 10.752527
19.440000 10.752527
19.450000 10.752527
19.460000 10.752527
19.470000 10.752527
19.480000 10.752527
19.490000 10.752527
19.500000 10.752527
19.510000 10.752527
19.520000 10.752527
19.530000 10.752527
19.540000 10.752527
19.550000 10.752527
19.560000 10.752527
19.570000 10.752527
19.580000 10.752527
19.590000 10.752527
19.600000 10.752527
19.610000 10.752527
19.620000 10.752527
19.630000 10.752527
19.640000 10.752527
19.650000 10.752527
19.660000 10.752527
19.670000 10.752527
19.680000 10.752527
19.690000 10.752527
19.700000 10.752527
19.710000 10.752527
19.720000 10.752527
19.730000 10.752527
19.740000 10.752527
19.750000 10.752527
19.760000 10.752527
19.770000 10.752527
19.780000 10.752527
19.790000 10.752527
19.800000 10.752527
19.810000 10.752527
19.820000 10.752527
19.830000 10.752527
19.840000 10.752527
19.850000 10.752527
19.860000 10.752527
19.870000 10.752527
19.880000 10.752527
19.890000 10.752527
19.900000 10.752527
19.910000 10.752527
19.920000 10.752527
19.930000 10.752527
19.940000 10.752527
19.950000 10.752527
19.960000 10.752527
19.970000 10.752527
19.980000 10.752527
19.990000 10.752527
20.000000 10.752527
20.010000 10.752527
20.017392 10.752527
20.027392 10.752607
20.037392 10.752845
20.047392 10.753241
20.057392 10.753794
20.067392 10.754501
20.077392 10.755362
20.087392 10.756375
20.097392 10.757540
20.107392 10.758854
20.117392 10.760318
20.127392 10.761929
20.137392 10.763687
20.147392 10.765590
20.157392 10.767638
20.167392 10.769828
20.177392 10.772161
20.187392 10.774634
20.197392 10.777246
20.207392 10.779998
20.217392 10.782887
20.227392 10.785912
20.237392 10.789072
20.247392 10.792367
20.257392 10.795794
20.267392 10.799354
20.277392 10.803045
20.287392 10.806865
20.297392 10.810815
20.307392 10.814892
20.317392 10.819097
20.327392 10.823427
20.337392 10.827882
20.347392 10.832461
20.357392 10.837163
20.367392 10.841986
20.377392 10.846931
20.387392 10.851996
20.397392 10.857179
20.407392 10.862481
20.417392 10.867900
20.427392 10.873435
20.437392 10.879085
20.447392 10.884849
20.457392 10.890727
20.467392 10.896718
20.477392 10.902820
20.487392 10.909033
20.497392 10.915356
20.507392 10.921787
20.517392 10.928327
20.527392 10.934974
20.537392 10.941728
20.547392 10.948587
20.557392 10.955551
20.567392 10.962618
20.577392 10.969789
20.587392 10.977062
20.597392 10.984436
20.607392 10.991911
20.617392 10.999486
20.627392 11.007159
20.637392 11.014931
20.647392 11.022801
20.657392 11.030767
20.667392 11.038828
20.677392 11.046985
20.687392 11.055237
20.697392 11.063582
20.707392 11.072020
20.717392 11.080550
20.727392 11.089171
20.737392 11.097883
20.747392 11.106685
20.757392 11.115576
20.767392 11.124556
20.777392 11.133624
20.787392 11.142778
20.797392 11.152019
20.807392 11.161346
20.817392 11.170758
20.827392 11.180254
20.837392 11.189834
20.847392 11.199497
20.857392 11.209243
20.867392 11.219070
20.877392 11.228978
20.887392 11.238966
20.897392 11.249034
20.907392 11.259182
20.917392 11.269408
20.927392 11.279712
20.937392 11.290093
20.947392 11.300550
20.957392 11.311084
20.967392 11.321693
20.977392 11.332377
20.987392 11.343135
20.997392 11.353967
21.007392 11.364872
21.017392 11.375850
21.027392 11.386899
21.037392 11.398019
21.047392 11.409211
21.057392 11.420472
21.067392 11.431803
21.077392 11.443204
21.087392 11.454672
21.097392 11.466209
21.107392 11.477813
21.117392 11.489484
21.127392 11.501222
21.137392 11.513025
21.147392 11.524894
21.157392 11.536827
21.167392 11.548825
21.177392 11.560886
21.187392 11.573011
21.197392 11.585198
21.207392 11.597448
21.217392 11.609759
21.227392 11.622132
21.237392 11.634565
21.247392 11.647059
21.257392 11.659613
21.267392 11.672226
21.277392 11.684897
21.287392 11.697628
21.297392 11.710416
21.307392 11.723261
21.317392 11.736164
21.327392 11.749123
21.337392 11.762138
21.347392 11.775209
21.357392 11.788335
21.367392 11.801516
21.377392 11.814751
21.387392 11.828040
21.397392 11.841383
21.407392 11.854778
21.417392 11.868227
21.427392 11.881727
21.437392 11.895279
21.447392 11.908883
21.457392 11.922537
21.467392 11.936243
21.477392 11.949998
21.487392 11.963803
21.497392 11.977657
21.507392 11.991561
21.517392 12.005513
21.527392 12.019513
21.537392 12.033561
21.547392 12.047656
21.557392 12.061799
21.567392 12.075988
21.577392 12.090223
21.587392 12.104504
21.597392 12.118831
21.607392 12.133203
21.617392 12.147620
21.627392 12.162082
21.637392 12.176587
21.647392 12.191137
21.657392 12.205729
21.667392 12.220365
21.677392 12.235044
21.687392 12.249765
21.697392 12.264528
21.707392 12.279333
21.717392 12.294179
21.727392 12.309066
21.737392 12.323994
21.747392 12.338963
21.757392 12.353971
21.767392 12.369020
21.777392 12.384107
21.787392 12.399234
21.797392 12.414400
21.807392 12.429604
21.817392 12.444846
21.827392 12.460127
21.837392 12.475445
21.847392 12.490800
21.857392 12.506192
21.867392 12.521621
21.877392 12.537087
21.887392 12.552588
21.897392 12.568126
21.907392 12.583699
21.917392 12.599307
21.927392 12.614950
21.937392 12.630628
21.947392 12.646340
21.957392 12.662087
21.967392 12.677867
21.977392 12.693681
21.987392 12.709529
21.997392 12.725409
22.007392 12.741323
22.017392 12.757268
22.027392 12.773247
22.037392 12.789257
22.047392 12.805299
22.057392 12.821372
22.067392 12.837477
22.077392 12.853613
22.087392 12.869780
22.097392 12.885977
22.107392 12.902204
22.117392 12.918462
22.127392 12.934749
22.137392 12.951066
22.147392 12.967413
22.157392 12.983788
22.167392 13.000192
22.177392 13.016625
22.187392 13.033087
22.197392 13.049576
22.207392 13.066094
22.217392 13.082639
22.227392 13.099212
22.237392 13.115812
22.247392 13.132439
22.257392 13.149094
22.267392 13.165774
22.277392 13.182482
22.287392 13.199215
22.297392 13.215974
22.307392 13.232760
22.317392 13.249571
22.327392 13.266407
22.337392 13.283269
22.347392 13.300155
22.357392 13.317066
22.367392 13.334002
22.377392 13.350963
22.387392 13.367947
22.397392 13.384956
22.407392 13.401988
22.417392 13.419044
22.427392 13.436124
22.437392 13.453227
22.447392 13.470353
22.457392 13.487502
22.467392 13.504673
22.477392 13.521867
22.487392 13.539084
22.497392 13.556322
22.507392 13.573583
22.517392 13.590865
22.527392 13.608169
22.537392 13.625495
22.547392 13.642842
22.557392 13.660210
22.567392 13.677599
22.577392 13.695009
22.587392 13.712439
22.597392 13.729890
22.607392 13.747361
22.617392 13.764853
22.627392 13.782364
22.637392 13.799895
22.647392 13.817446
22.657392 13.835016
22.667392 13.852606
22.677392 13.870215
22.687392 13.887843
22.697392 13.905490
22.707392 13.923156
22.717392 13.940840
22.727392 13.958543
22.737392 13.976264
22.747392 13.994003
22.757392 14.011760
22.767392 14.029535
22.777392 14.047328
22.787392 14.065138
22.797392 14.082966
22.807392 14.100811
22.817392 14.118673
22.827392 14.136553
22.837392 14.154449
22.847392 14.172362
22.857392 14.190291
22.867392 14.208238
22.877392 14.226200
22.887392 14.244179
22.897392 14.262174
22.907392 14.280184
22.917392 14.298211
22.927392 14.316253
22.937392 14.334311
22.947392 14.352385
22.957392 14.370474
22.967392 14.388578
22.977392 14.406697
22.987392 14.424831
22.997392 14.442980
23.007392 14.461144
23.017392 14.479322
23.027392 14.497515
23.037392 14.515722
23.047392 14.533944
23.057392 14.552179
23.067392 14.570429
23.077392 14.588693
23.087392 14.606971
23.097392 14.625262
23.107392 14.643567
23.117392 14.661885
23.127392 14.680217
23.137392 14.698562
23.147392 14.716920
23.157392 14.735292
23.167392 14.753676
23.177392 14.772073
23.187392 14.790483
23.197392 14.808906
23.207392 14.827341
23.217392 14.845789
23.227392 14.864249
23.237392 14.882721
23.247392 14.901206
23.257392 14.919702
23.267392 14.938211
23.277392 14.956731
23.287392 14.975264
23.297392 14.993808
23.307392 15.012363
23.317392 15.030930
23.327392 15.049509
23.337392 15.068099
23.347392 15.086700
23.357392 15.105312
23.367392 15.123935
23.377392 15.142569
23.387392 15.161214
23.397392 15.179870
23.407392 15.198537
23.417392 15.217214
23.427392 15.235902
23.437392 15.254600
23.447392 15.273309
23.457392 15.292027
23.467392 15.310757
23.477392 15.329496
23.487392 15.348245
23.497392 15.367004
23.507392 15.385773
23.517392 15.404552
23.527392 15.423341
23.537392 15.442139
23.547392 15.460947
23.557392 15.479764
23.567392 15.498591
23.577392 15.517427
23.587392 15.536273
23.597392 15.555127
23.607392 15.573991
23.617392 15.592864
23.627392 15.611746
23.637392 15.630636
23.647392 15.649536
23.657392 15.668444
23.667392 15.687361
23.677392 15.706287
23.687392 15.725221
23.697392 15.744164
23.707392 15.763115
23.717392 15.782074
23.727392 15.801042
23.737392 15.820018
23.747392 15.839002
23.757392 15.857994
23.767392 15.876995
23.777392 15.896003
23.787392 15.915019
23.797392 15.934043
23.807392 15.953075
23.817392 15.972114
23.827392 15.991161
23.837392 16.010216
23.847392 16.029278
23.857392 16.048348
23.867392 16.067425
23.877392 16.086510
23.887392 16.105601
23.897392 16.124701
23.907392 16.143807
23.917392 16.162920
23.927392 16.182040
23.937392 16.201168
23.947392 16.220302
23.957392 16.239443
23.967392 16.258591
23.977392 16.277746
23.987392 16.296908
23.997392 16.316076
24.007392 16.335251
24.017392 16.354433
24.027392 16.373621
24.037392 16.392815
24.047392 16.412016
24.057392 16.431223
24.067392 16.450437
24.077392 16.469657
24.087392 16.488883
24.097392 16.508115
24.107392 16.527353
24.117392 16.546598
24.127392 16.565848
24.137392 16.585105
24.147392 16.604367
24.157392 16.623635
24.167392 16.642909
24.177392 16.662189
24.187392 16.681475
24.197392 16.700766
24.207392 16.720063
24.217392 16.739365
24.227392 16.758673
24.237392 16.777987
24.247392 16.797306
24.257392 16.816630
24.267392 16.835960
24.277392 16.855295
24.287392 16.874636
24.297392 16.893982
24.307392 16.913333
24.317392 16.932689
24.327392 16.952050
24.337392 16.971416
24.347392 16.990788
24.357392 17.010164
24.367392 17.029546
24.377392 17.048932
24.387392 17.068323
24.397392 17.087719
24.407392 17.107120
24.417392 17.126526
24.427392 17.145936
24.437392 17.165351
24.447392 17.184771
24.457392 17.204195
24.467392 17.223624
24.477392 17.243058
24.487392 17.262496
24.497392 17.281938
24.507392 17.301385
24.517392 17.320836
24.527392 17.340292
24.537392 17.359752
24.547392 17.379216
24.557392 17.398685
24.567392 17.418158
24.577392 17.437635
24.587392 17.457116
24.597392 17.476602
24.607392 17.496091
24.617392 17.515585
24.627392 17.535082
24.637392 17.554584
24.647392 17.574089
24.657392 17.593599
24.667392 17.613112
24.677392 17.632629
24.687392 17.652150
24.697392 17.671675
24.707392 17.691204
24.717392 17.710736
24.727392 17.730273
24.737392 17.749813
24.747392 17.769356
24.757392 17.788903
24.767392 17.808454
24.777392 17.828008
24.787392 17.847566
24.797392 17.867128
24.807392 17.886693
24.817392 17.906261
24.827392 17.925833
24.837392 17.945408
24.846543 17.963325
24.856543 17.982906
24.866543 18.002490
24.876543 18.022076
24.886543 18.041663
24.896543 18.061250
24.906543 18.080837
24.916543 18.100422
24.926543 18.120005
24.936543 18.139586
24.946543 18.159163
24.956543 18.178735
24.966543 18.198303
24.976543 18.217864
24.986543 18.237420
24.996543 18.256968
25.006543 18.276508
25.016543 18.296040
25.026543 18.315562
25.036543 18.335075
25.046543 18.354577
25.056543 18.374068
25.066543 18.393546
25.076543 18.413013
25.086543 18.432466
25.096543 18.451905
25.106543 18.471330
25.116543 18.490739
25.126543 18.510133
25.136543 18.529510
25.146543 18.548871
25.156543 18.568214
25.166543 18.587539
25.176543 18.606845
25.186543 18.626132
25.196543 18.645399
25.206543 18.664645
25.216543 18.683871
25.226543 18.703075
25.236543 18.722257
25.246543 18.741416
25.256543 18.760552
25.266543 18.779664
25.276543 18.798753
25.286543 18.817816
25.296543 18.836854
25.306543 18.855867
25.316543 18.874853
25.326543 18.893812
25.336543 18.912745
25.346543 18.931649
25.356543 18.950526
25.366543 18.969373
25.376543 18.988192
25.386543 19.006981
25.396543 19.025741
25.406543 19.044469
25.416543 19.063167
25.426543 19.081834
25.436543 19.100469
25.446543 19.119072
25.456543 19.137642
25.466543 19.156180
25.476543 19.174684
25.486543 19.193155
25.496543 19.211591
25.506543 19.229993
25.516543 19.248360
25.526543 19.266692
25.536543 19.284988
25.546543 19.303249
25.556543 19.321473
25.566543 19.339660
25.576543 19.357811
25.586543 19.375924
25.596543 19.393999
25.606543 19.412037
25.616543 19.430037
25.626543 19.447997
25.636543 19.465919
25.646543 19.483802
25.656543 19.501646
25.666543 19.519449
25.676543 19.537213
25.686543 19.554936
25.696543 19.572619
25.706543 19.590261
25.716543 19.607861
25.726543 19.625421
25.736543 19.642938
25.746543 19.660414
25.756543 19.677848
25.766543 19.695239
25.776543 19.712588
25.786543 19.729894
25.796543 19.747157
25.806543 19.764377
25.816543 19.781554
25.826543 19.798686
25.836543 19.815775
25.846543 19.832820
25.856543 19.849821
25.866543 19.866777
25.876543 19.883689
25.886543 19.900555
25.896543 19.917377
25.906543 19.934154
25.916543 19.950886
25.926543 19.967572
25.936543 19.984212
25.946543 20.000807
25.956543 20.017356
25.966543 20.033859
25.976543 20.050316
25.986543 20.066727
25.996543 20.083091
26.006543 20.099408
26.016543 20.115679
26.026543 20.131904
26.036543 20.148081
26.046543 20.164212
26.056543 20.180295
26.066543 20.196331
26.076543 20.212320
26.086543 20.228262
26.096543 20.244156
26.106543 20.260003
26.116543 20.275803
26.126543 20.291554
26.136543 20.307258
26.146543 20.322915
26.156543 20.338523
26.166543 20.354084
26.176543 20.369597
26.186543 20.385061
26.196543 20.400478
26.206543 20.415847
26.216543 20.431168
26.226543 20.446440
26.236543 20.461665
26.246543 20.476841
26.256543 20.491969
26.266543 20.507049
26.276543 20.522081
26.286543 20.537065
26.296543 20.552000
26.306543 20.566887
26.316543 20.581726
26.326543 20.596517
26.336543 20.611260
26.346543 20.625954
26.356543 20.640600
26.366543 20.655198
26.376543 20.669748
26.386543 20.684250
26.396543 20.698704
26.406543 20.713110
26.416543 20.727468
26.426543 20.741777
26.436543 20.756039
26.446543 20.770253
26.456543 20.784420
26.466543 20.798538
26.476543 20.812609
26.486543 20.826632
26.496543 20.840607
26.506543 20.854535
26.516543 20.868415
26.526543 20.882248
26.536543 20.896034
26.546543 20.909772
26.556543 20.923464
26.566543 20.937108
26.576543 20.950705
26.586543 20.964255
26.596543 20.977758
26.606543 20.991214
26.616543 21.004624
26.626543 21.017987
26.636543 21.031304
26.646543 21.044574
26.656543 21.057798
26.666543 21.070976
26.676543 21.084107
26.686543 21.097193
26.696543 21.110233
26.706543 21.123227
26.716543 21.136175
26.726543 21.149078
26.736543 21.161936
26.746543 21.174748
26.756543 21.187515
26.766543 21.200237
26.776543 21.212915
26.786543 21.225547
26.796543 21.238135
26.806543 21.250678
26.816543 21.263177
26.826543 21.275632
26.836543 21.288043
26.846543 21.300409
26.856543 21.312732
26.866543 21.325011
26.876543 21.337247
26.886543 21.349440
26.896543 21.361589
26.906543 21.373695
26.916543 21.385758
26.926543 21.397779
26.936543 21.409757
26.946543 21.421692
26.956543 21.433586
26.966543 21.445437
26.976543 21.457246
26.986543 21.469014
26.996543 21.480740
27.006543 21.492424
27.016543 21.504068
27.017392 21.505054
27.027392 21.505054
27.037392 21.505054
27.047392 21.505054
27.057392 21.505054
27.067392 21.505054
27.077392 21.505054
27.087392 21.505054
27.097392 21.505054
27.107392 21.505054
27.117392 21.505054
27.127392 21.505054
27.137392 21.505054
27.147392 21.505054
27.157392 21.505054
27.167392 21.505054
27.177392 21.505054
27.187392 21.505054
27.197392 21.505054
27.207392 21.505054
27.217392 21.505054
27.227392 21.505054
27.237392 21.505054
27.247392 21.505054
27.257392 21.505054
27.267392 21.505054
27.277392 21.505054
27.287392 21.505054
27.297392 21.505054
27.307392 21.505054
27.317392 21.505054
27.327392 21.505054
27.337392 21.505054
27.347392 21.505054
27.357392 21.505054
27.367392 21.505054
27.377392 21.505054
27.387392 21.505054
27.397392 21.505054
27.407392 21.505054
27.417392 21.505054
27.427392 21.505054
27.437392 21.505054
27.447392 21.505054
27.457392 21.505054
27.467392 21.505054
27.477392 21.505054
27.487392 21.505054
27.497392 21.505054
27.507392 21.505054
27.517392 21.505054
27.527392 21.505054
27.537392 21.505054
27.547392 21.505054
27.557392 21.505054
27.567392 21.505054
27.577392 21.505054
27.587392 21.505054
27.597392 21.505054
27.607392 21.505054
27.617392 21.505054
27.627392 21.505054
27.637392 21.505054
27.647392 21.505054
27.657392 21.505054
27.667392 21.505054
27.677392 21.505054
27.687392 21.505054
27.697392 21.505054
27.707392 21.505054
27.717392 21.505054
27.727392 21.505054
27.737392 21.505054
27.747392 21.505054
27.757392 21.505054
27.767392 21.505054
27.777392 21.505054
27.787392 21.505054
27.797392 21.505054
27.807392 21.505054
27.817392 21.505054
27.827392 21.505054
27.837392 21.505054
27.847392 21.505054
27.857392 21.505054
27.867392 21.505054
27.877392 21.505054
27.887392 21.505054
27.897392 21.505054
27.907392 21.505054
27.917392 21.505054
27.927392 21.505054
27.937392 21.505054
27.947392 21.505054
27.957392 21.505054
27.967392 21.505054
27.977392 21.505054
27.987392 21.505054
27.997392 21.505054
28.007392 21.505054
28.017392 21.505054
28.027392 21.505054
28.037392 21.505054
28.047392 21.505054
28.057392 21.505054
28.067392 21.505054
28.077392 21.505054
28.087392 21.505054
28.097392 21.505054
28.107392 21.505054
28.117392 21.505054
28.127392 21.505054
28.137392 21.505054
28.147392 21.505054
28.157392 21.505054
28.167392 21.505054
28.177392 21.505054
28.187392 21.505054
28.197392 21.505054
28.207392 21.505054
28.217392 21.505054
28.227392 21.505054
28.237392 21.505054
28.247392 21.505054
28.257392 21.505054
28.267392 21.505054
28.277392 21.505054
28.287392 21.505054
28.297392 21.505054
28.307392 21.505054
28.317392 21.505054
28.327392 21.505054
28.337392 21.505054
28.347392 21.505054
28.357392 21.505054
28.367392 21.505054
28.377392 21.505054
28.387392 21.505054
28.397392 21.505054
28.407392 21.505054
28.417392 21.505054
28.427392 21.505054
28.437392 21.505054
28.447392 21.505054
28.457392 21.505054
28.467392 21.505054
28.477392 21.505054
28.487392 21.505054
28.497392 21.505054
28.507392 21.505054
28.517392 21.505054
28.527392 21.505054
28.537392 21.505054
28.547392 21.505054
28.557392 21.505054
28.567392 21.505054
28.577392 21.505054
28.587392 21.505054
28.597392 21.505054
28.607392 21.505054
28.617392 21.505054
28.627392 21.505054
28.637392 21.505054
28.647392 21.505054
28.657392 21.505054
28.667392 21.505054
28.677392 21.505054
28.687392 21.505054
28.697392 21.505054
28.707392 21.505054
28.717392 21.505054
28.727392 21.505054
28.737392 21.505054
28.747392 21.505054
28.757392 21.505054
28.767392 21.505054
28.777392 21.505054
28.787392 21.505054
28.797392 21.505054
28.807392 21.505054
28.817392 21.505054
28.827392 21.505054
28.837392 21.505054
28.847392 21.505054
28.857392 21.505054
28.867392 21.505054
28.877392 21.505054
28.887392 21.505054
28.897392 21.505054
28.907392 21.505054
28.917392 21.505054
28.927392 21.505054
28.937392 21.505054
28.947392 21.505054
28.957392 21.505054
28.967392 21.505054
28.977392 21.505054
28.987392 21.505054
28.997392 21.505054
29.007392 21.505054
29.017392 21.505054
29.027392 21.505054
29.037392 21.505054
29.047392 21.505054
29.057392 21.505054
29.067392 21.505054
29.077392 21.505054
29.087392 21.505054
29.097392 21.505054
29.107392 21.505054
29.117392 21.505054
29.127392 21.505054
29.137392 21.505054
29.147392 21.505054
29.157392 21.505054
29.167392 21.505054
29.177392 21.505054
29.187392 21.505054
29.197392 21.505054
29.207392 21.505054
29.217392 21.505054
29.227392 21.505054
29.237392 21.505054
29.247392 21.505054
29.257392 21.505054
29.267392 21.505054
29.277392 21.505054
29.287392 21.505054
29.297392 21.505054
29.307392 21.505054
29.317392 21.505054
29.327392 21.505054
29.337392 21.505054
29.347392 21.505054
29.357392 21.505054
29.367392 21.505054
29.377392 21.505054
29.387392 21.505054
29.397392 21.505054
29.407392 21.505054
29.417392 21.505054
29.427392 21.505054
29.437392 21.505054
29.447392 21.505054
29.457392 21.505054
29.467392 21.505054
29.477392 21.505054
29.487392 21.505054
29.497392 21.505054
29.507392 21.505054
29.517392 21.505054
29.527392 21.505054
29.537392 21.505054
29.547392 21.505054
29.557392 21.505054
29.567392 21.505054
29.577392 21.505054
29.587392 21.505054
29.597392 21.505054
29.607392 21.505054
29.617392 21.505054
29.627392 21.505054
29.637392 21.505054
29.647392 21.505054
29.657392 21.505054
29.667392 21.505054
29.677392 21.505054
29.687392 21.505054
29.697392 21.505054
29.707392 21.505054
29.717392 21.505054
29.727392 21.505054
29.737392 21.505054
29.747392 21.505054
29.757392 21.505054
29.767392 21.505054
29.777392 21.505054
29.787392 21.505054
29.797392 21.505054
29.807392 21.505054
29.817392 21.505054
29.827392 21.505054
29.837392 21.505054
29.847392 21.505054
29.857392 21.505054
29.867392 21.505054
29.877392 21.505054
29.887392 21.505054
29.897392 21.505054
29.907392 21.505054
29.917392 21.505054
29.927392 21.505054
29.937392 21.505054
29.947392 21.505054
29.957392 21.505054
29.967392 21.505054
29.977392 21.505054
29.987392 21.505054
29.997392 21.505054
30.007392 21.505054
30.017392 21.505054
30.027392 21.505054
30.037392 21.505054
30.047392 21.505054
30.057392 21.505054
30.067392 21.505054
30.077392 21.505054
30.087392 21.505054
30.097392 21.505054
30.107392 21.505054
30.117392 21.505054
30.127392 21.505054
30.137392 21.505054
30.147392 21.505054
30.157392 21.505054
30.167392 21.505054
30.177392 21.505054
30.187392 21.505054
30.197392 21.505054
30.207392 21.505054
30.217392 21.505054
30.227392 21.505054
30.237392 21.505054
30.247392 21.505054
30.257392 21.505054
30.267392 21.505054
30.277392 21.505054
30.287392 21.505054
30.297392 21.505054
30.307392 21.505054
30.317392 21.505054
30.327392 21.505054
30.337392 21.505054
30.347392 21.505054
30.357392 21.505054
30.367392 21.505054
30.377392 21.505054
30.387392 21.505054
30.397392 21.505054
30.407392 21.505054
30.417392 21.505054
30.427392 21.505054
30.437392 21.505054
30.447392 21.505054
30.457392 21.505054
30.467392 21.505054
30.477392 21.505054
30.487392 21.505054
30.497392 21.505054
30.507392 21.505054
30.517392 21.505054
30.527392 21.505054
30.537392 21.505054
30.547392 21.505054
30.557392 21.505054
30.567392 21.505054
30.577392 21.505054
30.587392 21.505054
30.597392 21.505054
30.607392 21.505054
30.617392 21.505054
30.627392 21.505054
30.637392 21.505054
30.647392 21.505054
30.657392 21.505054
30.667392 21.505054
30.677392 21.505054
30.687392 21.505054
30.697392 21.505054
30.707392 21.505054
30.717392 21.505054
30.727392 21.505054
30.737392 21.505054
30.747392 21.505054
30.757392 21.505054
30.767392 21.505054
30.777392 21.505054
30.787392 21.505054
30.797392 21.505054
30.807392 21.505054
30.817392 21.505054
30.827392 21.505054
30.837392 21.505054
30.847392 21.505054
30.857392 21.505054
30.867392 21.505054
30.877392 21.505054
30.887392 21.505054
30.897392 21.505054
30.907392 21.505054
30.917392 21.505054
30.927392 21.505054
30.937392 21.505054
30.947392 21.505054
30.957392 21.505054
30.967392 21.505054
30.977392 21.505054
30.987392 21.505054
30.997392 21.505054
31.007392 21.505054
31.017392 21.505054
31.027392 21.505054
31.037392 21.505054
31.047392 21.505054
31.057392 21.505054
31.067392 21.505054
31.077392 21.505054
31.087392 21.505054
31.097392 21.505054
31.107392 21.505054
31.117392 21.505054
31.127392 21.505054
31.137392 21.505054
31.147392 21.505054
31.157392 21.505054
31.167392 21.505054
31.177392 21.505054
31.187392 21.505054
31.197392 21.505054
31.207392 21.505054
31.217392 21.505054
31.227392 21.505054
31.237392 21.505054
31.247392 21.505054
31.257392 21.505054
31.267392 21.505054
31.277392 21.505054
31.287392 21.505054
31.297392 21.505054
31.307392 21.505054
31.317392 21.505054
31.327392 21.505054
31.337392 21.505054
31.347392 21.505054
31.357392 21.505054
31.367392 21.505054
31.377392 21.505054
31.387392 21.505054
31.397392 21.505054
31.407392 21.505054
31.417392 21.505054
31.427392 21.505054
31.437392 21.505054
31.447392 21.505054
31.457392 21.505054
31.467392 21.505054
31.477392 21.505054
31.487392 21.505054
31.497392 21.505054
31.507392 21.505054
31.517392 21.505054
31.527392 21.505054
31.537392 21.505054
31.547392 21.505054
31.557392 21.505054
31.567392 21.505054
31.577392 21.505054
31.587392 21.505054
31.597392 21.505054
31.607392 21.505054
31.617392 21.505054
31.627392 21.505054
31.637392 21.505054
31.647392 21.505054
31.657392 21.505054
31.667392 21.505054
31.677392 21.505054
31.687392 21.505054
31.697392 21.505054
31.707392 21.505054
31.717392 21.505054
31.727392 21.505054
31.737392 21.505054
31.747392 21.505054
31.757392 21.505054
31.767392 21.505054
31.777392 21.505054
31.787392 21.505054
31.797392 21.505054
31.807392 21.505054
31.817392 21.505054
31.827392 21.505054
31.837392 21.505054
31.847392 21.505054
31.857392 21.505054
31.867392 21.505054
31.877392 21.505054
31.887392 21.505054
31.897392 21.505054
31.907392 21.505054
31.917392 21.505054
31.927392 21.505054
31.937392 21.505054
31.947392 21.505054
31.957392 21.505054
31.967392 21.505054
31.977392 21.505054
31.987392 21.505054
31.997392 21.505054
32.007392 21.505054
32.017392 21.505054
32.027392 21.505054
32.037392 21.505054
32.047392 21.505054
32.057392 21.505054
32.067392 21.505054
32.077392 21.505054
32.087392 21.505054
32.097392 21.505054
32.107392 21.505054
32.117392 21.505054
32.127392 21.505054
32.137392 21.505054
32.147392 21.505054
32.157392 21.505054
32.167392 21.505054
32.177392 21.505054
32.187392 21.505054
32.197392 21.505054
32.207392 21.505054
32.217392 21.505054
32.227392 21.505054
32.237392 21.505054
32.247392 21.505054
32.257392 21.505054
32.267392 21.505054
32.277392 21.505054
32.287392 21.505054
32.297392 21.505054
32.307392 21.505054
32.317392 21.505054
32.327392 21.505054
32.337392 21.505054
32.347392 21.505054
32.357392 21.505054
32.367392 21.505054
32.377392 21.505054
32.387392 21.505054
32.397392 21.505054
32.407392 21.505054
32.417392 21.505054
32.427392 21.505054
32.437392 21.505054
32.447392 21.505054
32.457392 21.505054
32.467392 21.505054
32.477392 21.505054
32.487392 21.505054
32.497392 21.505054
32.507392 21.505054
32.517392 21.505054
32.527392 21.505054
32.537392 21.505054
32.547392 21.505054
32.557392 21.505054
32.567392 21.505054
32.577392 21.505054
32.587392 21.505054
32.597392 21.505054
32.607392 21.505054
32.617392 21.505054
32.627392 21.505054
32.637392 21.505054
32.647392 21.505054
32.657392 21.505054
32.667392 21.505054
32.677392 21.505054
32.687392 21.505054
32.697392 21.505054
32.707392 21.505054
32.717392 21.505054
32.727392 21.505054
32.737392 21.505054
32.747392 21.505054
32.757392 21.505054
32.767392 21.505054
32.777392 21.505054
32.787392 21.505054
32.797392 21.505054
32.807392 21.505054
32.817392 21.505054
32.827392 21.505054
32.837392 21.505054
32.847392 21.505054
32.857392 21.505054
32.867392 21.505054
32.877392 21.505054
32.887392 21.505054
32.897392 21.505054
32.907392 21.505054
32.917392 21.505054
32.927392 21.505054
32.937392 21.505054
32.947392 21.505054
32.957392 21.505054
32.967392 21.505054
32.977392 21.505054
32.987392 21.505054
32.997392 21.505054
33.007392 21.505054
33.017392 21.505054
33.027392 21.505054
33.037392 21.505054
33.047392 21.505054
33.057392 21.505054
33.067392 21.505054
33.077392 21.505054
33.087392 21.505054
33.097392 21.505054
33.107392 21.505054
33.117392 21.505054
33.127392 21.505054
33.137392 21.505054
33.147392 21.505054
33.157392 21.505054
33.167392 21.505054
33.177392 21.505054
33.187392 21.505054
33.197392 21.505054
33.207392 21.505054
33.217392 21.505054
33.227392 21.505054
33.237392 21.505054
33.247392 21.505054
33.257392 21.505054
33.267392 21.505054
33.277392 21.505054
33.287392 21.505054
33.297392 21.505054
33.307392 21.505054
33.317392 21.505054
33.327392 21.505054
33.337392 21.505054
33.347392 21.505054
33.357392 21.505054
33.367392 21.505054
33.377392 21.505054
33.387392 21.505054
33.397392 21.505054
33.407392 21.505054
33.417392 21.505054
33.427392 21.505054
33.437392 21.505054
33.447392 21.505054
33.457392 21.505054
33.467392 21.505054
33.477392 21.505054
33.487392 21.505054
33.497392 21.505054
33.507392 21.505054
33.517392 21.505054
33.527392 21.505054
33.537392 21.505054
33.547392 21.505054
33.557392 21.505054
33.567392 21.505054
33.577392 21.505054
33.587392 21.505054
33.597392 21.505054
33.607392 21.505054
33.617392 21.505054
33.627392 21.505054
33.637392 21.505054
33.647392 21.505054
33.657392 21.505054
33.667392 21.505054
33.677392 21.505054
33.687392 21.505054
33.697392 21.505054
33.707392 21.505054
33.717392 21.505054
33.727392 21.505054
33.737392 21.505054
33.747392 21.505054
33.757392 21.505054
33.767392 21.505054
33.777392 21.505054
33.787392 21.505054
33.797392 21.505054
33.807392 21.505054
33.817392 21.505054
33.827392 21.505054
33.837392 21.505054
33.847392 21.505054
33.857392 21.505054
33.867392 21.505054
33.877392 21.505054
33.887392 21.505054
33.897392 21.505054
33.907392 21.505054
33.917392 21.505054
33.927392 21.505054
33.937392 21.505054
33.947392 21.505054
33.957392 21.505054
33.967392 21.505054
33.977392 21.505054
33.987392 21.505054
33.997392 21.505054
34.007392 21.505054
34.017392 21.505054
34.027392 21.505054
34.037392 21.505054
34.047392 21.505054
34.057392 21.505054
34.067392 21.505054
34.077392 21.505054
34.087392 21.505054
34.097392 21.505054
34.107392 21.505054
34.117392 21.505054
34.127392 21.505054
34.137392 21.505054
34.147392 21.505054
34.157392 21.505054
34.167392 21.505054
34.177392 21.505054
34.187392 21.505054
34.197392 21.505054
34.207392 21.505054
34.217392 21.505054
34.227392 21.505054
34.237392 21.505054
34.247392 21.505054
34.257392 21.505054
34.267392 21.505054
34.277392 21.505054
34.287392 21.505054
34.297392 21.505054
34.307392 21.505054
34.317392 21.505054
34.327392 21.505054
34.337392 21.505054
34.347392 21.505054
34.357392 21.505054
34.367392 21.505054
34.377392 21.505054
34.387392 21.505054
34.397392 21.505054
34.407392 21.505054
34.417392 21.505054
34.427392 21.505054
34.437392 21.505054
34.447392 21.505054
34.457392 21.505054
34.467392 21.505054
34.477392 21.505054
34.487392 21.505054
34.497392 21.505054
34.507392 21.505054
34.517392 21.505054
34.527392 21.505054
34.537392 21.505054
34.547392 21.505054
34.557392 21.505054
34.567392 21.505054
34.577392 21.505054
34.587392 21.505054
34.597392 21.505054
34.607392 21.505054
34.617392 21.505054
34.627392 21.505054
34.637392 21.505054
34.647392 21.505054
34.657392 21.505054
34.667392 21.505054
34.677392 21.505054
34.687392 21.505054
34.697392 21.505054
34.707392 21.505054
34.717392 21.505054
34.727392 21.505054
34.737392 21.505054
34.747392 21.505054
34.757392 21.505054
34.767392 21.505054
34.777392 21.505054
34.787392 21.505054
34.797392 21.505054
34.807392 21.505054
34.817392 21.505054
34.827392 21.505054
34.837392 21.505054
34.847392 21.505054
34.857392 21.505054
34.867392 21.505054
34.877392 21.505054
34.887392 21.505054
34.897392 21.505054
34.907392 21.505054
34.917392 21.505054
34.927392 21.505054
34.937392 21.505054
34.947392 21.505054
34.957392 21.505054
34.967392 21.505054
34.977392 21.505054
34.987392 21.505054
34.997392 21.505054
35.007392 21.505054
35.017392 21.505054
35.027392 21.505054
35.037392 21.505054
35.047392 21.505054
35.057392 21.505054
35.067392 21.505054
35.077392 21.505054
35.087392 21.505054
35.097392 21.505054
35.107392 21.505054
35.117392 21.505054
35.127392 21.505054
35.137392 21.505054
35.147392 21.505054
35.157392 21.505054
35.167392 21.505054
35.177392 21.505054
35.187392 21.505054
35.197392 21.505054
35.207392 21.505054
35.217392 21.505054
35.227392 21.505054
35.237392 21.505054
35.247392 21.505054
35.257392 21.505054
35.267392 21.505054
35.277392 21.505054
35.287392 21.505054
35.297392 21.505054
35.307392 21.505054
35.317392 21.505054
35.327392 21.505054
35.337392 21.505054
35.347392 21.505054
35.357392 21.505054
35.367392 21.505054
35.377392 21.505054
35.387392 21.505054
35.397392 21.505054
35.407392 21.505054
35.417392 21.505054
35.427392 21.505054
35.437392 21.505054
35.447392 21.505054
35.457392 21.505054
35.467392 21.505054
35.477392 21.505054
35.487392 21.505054
35.497392 21.505054
35.507392 21.505054
35.517392 21.505054
35.527392 21.505054
35.537392 21.505054
35.547392 21.505054
35.557392 21.505054
35.567392 21.505054
35.577392 21.505054
35.587392 21.505054
35.597392 21.505054
35.607392 21.505054
35.617392 21.505054
35.627392 21.505054
35.637392 21.505054
35.647392 21.505054
35.657392 21.505054
35.667392 21.505054
35.677392 21.505054
35.687392 21.505054
35.697392 21.505054
35.707392 21.505054
35.717392 21.505054
35.727392 21.505054
35.737392 21.505054
35.747392 21.505054
35.757392 21.505054
35.767392 21.505054
35.777392 21.505054
35.787392 21.505054
35.797392 21.505054
35.807392 21.505054
35.817392 21.505054
35.827392 21.505054
35.837392 21.505054
35.847392 21.505054
35.857392 21.505054
35.867392 21.505054
35.877392 21.505054
35.887392 21.505054
35.897392 21.505054
35.907392 21.505054
35.917392 21.505054
35.927392 21.505054
35.937392 21.505054
35.947392 21.505054
35.957392 21.505054
35.967392 21.505054
35.977392 21.505054
35.987392 21.505054
35.997392 21.505054
36.007392 21.505054
36.017392 21.505054
36.027392 21.505054
36.037392 21.505054
36.047392 21.505054
36.057392 21.505054
36.067392 21.505054
36.077392 21.505054
36.087392 21.505054
36.097392 21.505054
36.107392 21.505054
36.117392 21.505054
36.127392 21.505054
36.137392 21.505054
36.147392 21.505054
36.157392 21.505054
36.167392 21.505054
36.177392 21.505054
36.187392 21.505054
36.197392 21.505054
36.207392 21.505054
36.217392 21.505054
36.227392 21.505054
36.237392 21.505054
36.247392 21.505054
36.257392 21.505054
36.267392 21.505054
36.277392 21.505054
36.287392 21.505054
36.297392 21.505054
36.307392 21.505054
36.317392 21.505054
36.327392 21.505054
36.337392 21.505054
36.347392 21.505054
36.357392 21.505054
36.367392 21.505054
36.377392 21.505054
36.387392 21.505054
36.397392 21.505054
36.407392 21.505054
36.417392 21.505054
36.427392 21.505054
36.437392 21.505054
36.447392 21.505054
36.457392 21.505054
36.467392 21.505054
36.477392 21.505054
36.487392 21.505054
36.497392 21.505054
36.507392 21.505054
36.517392 21.505054
36.527392 21.505054
36.537392 21.505054
36.547392 21.505054
36.557392 21.505054
36.567392 21.505054
36.577392 21.505054
36.587392 21.505054
36.597392 21.505054
36.607392 21.505054
36.617392 21.505054
36.627392 21.505054
36.637392 21.505054
36.647392 21.505054
36.657392 21.505054
36.667392 21.505054
36.677392 21.505054
36.687392 21.505054
36.697392 21.505054
36.707392 21.505054
36.717392 21.505054
36.727392 21.505054
36.737392 21.505054
36.747392 21.505054
36.757392 21.505054
36.767392 21.505054
36.777392 21.505054
36.787392 21.505054
36.797392 21.505054
36.807392 21.505054
36.817392 21.505054
36.827392 21.505054
36.837392 21.505054
36.847392 21.505054
36.857392 21.505054
36.867392 21.505054
36.877392 21.505054
36.887392 21.505054
36.897392 21.505054
36.907392 21.505054
36.917392 21.505054
36.927392 21.505054
36.937392 21.505054
36.947392 21.505054
36.957392 21.505054
36.967392 21.505054
36.977392 21.505054
36.987392 21.505054
36.997392 21.505054
37.007392 21.505054
37.017392 21.505054
37.027392 21.505054
37.037392 21.505054
37.047392 21.505054
37.057392 21.505054
37.067392 21.505054
37.077392 21.505054
37.087392 21.505054
37.097392 21.505054
37.107392 21.505054
37.117392 21.505054
37.127392 21.505054
37.137392 21.505054
37.147392 21.505054
37.157392 21.505054
37.167392 21.505054
37.177392 21.505054
37.187392 21.505054
37.197392 21.505054
37.207392 21.505054
37.217392 21.505054
37.227392 21.505054
37.237392 21.505054
37.247392 21.505054
37.257392 21.505054
37.267392 21.505054
37.277392 21.505054
37.287392 21.505054
37.297392 21.505054
37.307392 21.505054
37.317392 21.505054
37.327392 21.505054
37.337392 21.505054
37.347392 21.505054
37.357392 21.505054
37.367392 21.505054
37.377392 21.505054
37.387392 21.505054
37.397392 21.505054
37.407392 21.505054
37.417392 21.505054
37.427392 21.505054
37.437392 21.505054
37.447392 21.505054
37.457392 21.505054
37.467392 21.505054
37.477392 21.505054
37.487392 21.505054
37.497392 21.505054
37.507392 21.505054
37.517392 21.505054
37.527392 21.505054
37.537392 21.505054
37.547392 21.505054
37.557392 21.505054
37.567392 21.505054
37.577392 21.505054
37.587392 21.505054
37.597392 21.505054
37.607392 21.505054
37.617392 21.505054
37.627392 21.505054
37.637392 21.505054
37.647392 21.505054
37.657392 21.505054
37.667392 21.505054
37.677392 21.505054
37.687392 21.505054
37.697392 21.505054
37.707392 21.505054
37.717392 21.505054
37.727392 21.505054
37.737392 21.505054
37.747392 21.505054
37.757392 21.505054
37.767392 21.505054
37.777392 21.505054
37.787392 21.505054
37.797392 21.505054
37.807392 21.505054
37.817392 21.505054
37.827392 21.505054
37.837392 21.505054
37.847392 21.505054
37.857392 21.505054
37.867392 21.505054
37.877392 21.505054
37.887392 21.505054
37.897392 21.505054
37.907392 21.505054
37.917392 21.505054
37.927392 21.505054
37.937392 21.505054
37.947392 21.505054
37.957392 21.505054
37.967392 21.505054
37.977392 21.505054
37.987392 21.505054
37.997392 21.505054
38.007392 21.505054
38.017392 21.505054
38.027392 21.505054
38.037392 21.505054
38.047392 21.505054
38.057392 21.505054
38.067392 21.505054
38.077392 21.505054
38.087392 21.505054
38.097392 21.505054
38.107392 21.505054
38.117392 21.505054
38.127392 21.505054
38.137392 21.505054
38.147392 21.505054
38.157392 21.505054
38.167392 21.505054
38.177392 21.505054
38.187392 21.505054
38.197392 21.505054
38.207392 21.505054
38.217392 21.505054
38.227392 21.505054
38.237392 21.505054
38.247392 21.505054
38.257392 21.505054
38.267392 21.505054
38.277392 21.505054
38.287392 21.505054
38.297392 21.505054
38.307392 21.505054
38.317392 21.505054
38.327392 21.505054
38.337392 21.505054
38.347392 21.505054
38.357392 21.505054
38.367392 21.505054
38.377392 21.505054
38.387392 21.505054
38.397392 21.505054
38.407392 21.505054
38.417392 21.505054
38.427392 21.505054
38.437392 21.505054
38.447392 21.505054
38.457392 21.505054
38.467392 21.505054
38.477392 21.505054
38.487392 21.505054
38.497392 21.505054
38.507392 21.505054
38.517392 21.505054
38.527392 21.505054
38.537392 21.505054
38.547392 21.505054
38.557392 21.505054
38.567392 21.505054
38.577392 21.505054
38.587392 21.505054
38.597392 21.505054
38.607392 21.505054
38.617392 21.505054
38.627392 21.505054
38.637392 21.505054
38.647392 21.505054
38.657392 21.505054
38.667392 21.505054
38.677392 21.505054
38.687392 21.505054
38.697392 21.505054
38.707392 21.505054
38.717392 21.505054
38.727392 21.505054
38.737392 21.505054
38.747392 21.505054
38.757392 21.505054
38.767392 21.505054
38.777392 21.505054
38.787392 21.505054
38.797392 21.505054
38.807392 21.505054
38.817392 21.505054
38.827392 21.505054
38.837392 21.505054
38.847392 21.505054
38.857392 21.505054
38.867392 21.505054
38.877392 21.505054
38.887392 21.505054
38.897392 21.505054
38.907392 21.505054
38.917392 21.505054
38.927392 21.505054
38.937392 21.505054
38.947392 21.505054
38.957392 21.505054
38.967392 21.505054
38.977392 21.505054
38.987392 21.505054
38.997392 21.505054
39.007392 21.505054
39.017392 21.505054
39.027392 21.505054
39.037392 21.505054
39.047392 21.505054
39.057392 21.505054
39.067392 21.505054
39.077392 21.505054
39.087392 21.505054
39.097392 21.505054
39.107392 21.505054
39.117392 21.505054
39.127392 21.505054
39.137392 21.505054
39.147392 21.505054
39.157392 21.505054
39.167392 21.505054
39.177392 21.505054
39.187392 21.505054
39.197392 21.505054
39.207392 21.505054
39.217392 21.505054
39.227392 21.505054
39.237392 21.505054
39.247392 21.505054
39.257392 21.505054
39.267392 21.505054
39.277392 21.505054
39.287392 21.505054
39.297392 21.505054
39.307392 21.505054
39.317392 21.505054
39.327392 21.505054
39.337392 21.505054
39.347392 21.505054
39.357392 21.505054
39.367392 21.505054
39.377392 21.505054
39.387392 21.505054
39.397392 21.505054
39.407392 21.505054
39.417392 21.505054
39.427392 21.505054
39.437392 21.505054
39.447392 21.505054
39.457392 21.505054
39.467392 21.505054
39.477392 21.505054
39.487392 21.505054
39.497392 21.505054
39.507392 21.505054
39.517392 21.505054
39.527392 21.505054
39.537392 21.505054
39.547392 21.505054
39.557392 21.505054
39.567392 21.505054
39.577392 21.505054
39.587392 21.505054
39.597392 21.505054
39.607392 21.505054
39.617392 21.505054
39.627392 21.505054
39.637392 21.505054
39.647392 21.505054
39.657392 21.505054
39.667392 21.505054
39.677392 21.505054
39.687392 21.505054
39.697392 21.505054
39.707392 21.505054
39.717392 21.505054
39.727392 21.505054
39.737392 21.505054
39.747392 21.505054
39.757392 21.505054
39.767392 21.505054
39.777392 21.505054
39.787392 21.505054
39.797392 21.505054
39.807392 21.505054
39.817392 21.505054
39.827392 21.505054
39.837392 21.505054
39.847392 21.505054
39.857392 21.505054
39.867392 21.505054
39.877392 21.505054
39.887392 21.505054
39.897392 21.505054
39.907392 21.505054
39.917392 21.505054
39.927392 21.505054
39.937392 21.505054
39.947392 21.505054
39.957392 21.505054
39.967392 21.505054
39.977392 21.505054
39.987392 21.505054
39.997392 21.505054
40.007392 21.505054
40.017392 21.505054
40.026142 21.505054
40.036142 21.505054
40.031142 21.505054
40.034783 21.505054
40.041142 21.505134
40.044783 21.505134
40.051142 21.505372
40.054783 21.505372
40.061142 21.505768
40.064783 21.505768
40.071142 21.506321
40.074783 21.506321
40.081142 21.507028
40.084783 21.507028
40.091142 21.507889
40.094783 21.507889
40.101142 21.508902
40.104783 21.508902
40.111142 21.510067
40.114783 21.510067
40.121142 21.511381
40.124783 21.511381
40.131142 21.512845
40.134783 21.512845
40.141142 21.514456
40.144783 21.514456
40.151142 21.516214
40.154783 21.516214
40.161142 21.518117
40.164783 21.518117
40.171142 21.520165
40.174783 21.520165
40.181142 21.522355
40.184783 21.522355
40.191142 21.524688
40.194783 21.524688
40.201142 21.527161
40.204783 21.527161
40.211142 21.529774
40.214783 21.529774
40.221142 21.532525
40.224783 21.532525
40.231142 21.535414
40.234783 21.535414
40.241142 21.538439
40.244783 21.538439
40.251142 21.541599
40.254783 21.541599
40.261142 21.544894
40.264783 21.544894
40.271142 21.548321
40.274783 21.548321
40.281142 21.551881
40.284783 21.551881
40.291142 21.555572
40.294783 21.555572
40.301142 21.559392
40.304783 21.559392
40.311142 21.563342
40.314783 21.563342
40.321142 21.567419
40.324783 21.567419
40.331142 21.571624
40.334783 21.571624
40.341142 21.575954
40.344783 21.575954
40.351142 21.580409
40.354783 21.580409
40.361142 21.584988
40.364783 21.584988
40.371142 21.589690
40.374783 21.589690
40.381142 21.594514
40.384783 21.594514
40.391142 21.599458
40.394783 21.599458
40.401142 21.604523
40.404783 21.604523
40.411142 21.609706
40.414783 21.609706
40.421142 21.615008
40.424783 21.615008
40.431142 21.620427
40.434783 21.620427
40.441142 21.625962
40.444783 21.625962
40.451142 21.631612
40.454783 21.631612
40.461142 21.637377
40.464783 21.637377
40.471142 21.643254
40.474783 21.643254
40.481142 21.649245
40.484783 21.649245
40.491142 21.655347
40.494783 21.655347
40.501142 21.661560
40.504783 21.661560
40.511142 21.667883
40.514783 21.667883
40.521142 21.674314
40.524783 21.674314
40.531142 21.680854
40.534783 21.680854
40.541142 21.687501
40.544783 21.687501
40.551142 21.694255
40.554783 21.694255
40.561142 21.701114
40.564783 21.701114
40.571142 21.708078
40.574783 21.708078
40.581142 21.715145
40.584783 21.715145
40.591142 21.722316
40.594783 21.722316
40.601142 21.729589
40.604783 21.729589
40.611142 21.736963
40.614783 21.736963
40.621142 21.744438
40.624783 21.744438
40.631142 21.752013
40.634783 21.752013
40.641142 21.759686
40.644783 21.759686
40.651142 21.767458
40.654783 21.767458
40.661142 21.775328
40.664783 21.775328
40.671142 21.783294
40.674783 21.783294
40.681142 21.791356
40.684783 21.791356
40.691142 21.799513
40.694783 21.799513
40.701142 21.807764
40.704783 21.807764
40.711142 21.816109
40.714783 21.816109
40.721142 21.824547
40.724783 21.824547
40.731142 21.833077
40.734783 21.833077
40.741142 21.841698
40.744783 21.841698
40.751142 21.850410
40.754783 21.850410
40.761142 21.859212
40.764783 21.859212
40.771142 21.868104
40.774783 21.868104
40.781142 21.877083
40.784783 21.877083
40.791142 21.886151
40.794783 21.886151
40.801142 21.895305
40.804783 21.895305
40.811142 21.904547
40.814783 21.904547
40.821142 21.913873
40.824783 21.913873
40.831142 21.923285
40.834783 21.923285
40.841142 21.932781
40.844783 21.932781
40.851142 21.942361
40.854783 21.942361
40.861142 21.952024
40.864783 21.952024
40.871142 21.961770
40.874783 21.961770
40.881142 21.971597
40.884783 21.971597
40.891142 21.981505
40.894783 21.981505
40.901142 21.991493
40.904783 21.991493
40.911142 22.001562
40.914783 22.001562
40.921142 22.011709
40.924783 22.011709
40.931142 22.021935
40.934783 22.021935
40.941142 22.032239
40.944783 22.032239
40.951142 22.042620
40.954783 22.042620
40.961142 22.053077
40.964783 22.053077
40.971142 22.063611
40.974783 22.063611
40.981142 22.074220
40.984783 22.074220
40.991142 22.084904
40.994783 22.084904
41.001142 22.095662
41.004783 22.095662
41.011142 22.106494
41.014783 22.106494
41.021142 22.117399
41.024783 22.117399
41.031142 22.128377
41.034783 22.128377
41.041142 22.139426
41.044783 22.139426
41.051142 22.150546
41.054783 22.150546
41.061142 22.161738
41.064783 22.161738
41.071142 22.172999
41.074783 22.172999
41.081142 22.184330
41.084783 22.184330
41.091142 22.195731
41.094783 22.195731
41.101142 22.207199
41.104783 22.207199
41.111142 22.218736
41.114783 22.218736
41.121142 22.230340
41.124783 22.230340
41.131142 22.242011
41.134783 22.242011
41.141142 22.253749
41.144783 22.253749
41.151142 22.265552
41.154783 22.265552
41.161142 22.277421
41.164783 22.277421
41.171142 22.289354
41.174783 22.289354
41.181142 22.301352
41.184783 22.301352
41.191142 22.313413
41.194783 22.313413
41.201142 22.325538
41.204783 22.325538
41.211142 22.337725
41.214783 22.337725
41.221142 22.349975
41.224783 22.349975
41.231142 22.362286
41.234783 22.362286
41.241142 22.374659
41.244783 22.374659
41.251142 22.387093
41.254783 22.387093
41.261142 22.399586
41.264783 22.399586
41.271142 22.412140
41.274783 22.412140
41.281142 22.424753
41.284783 22.424753
41.291142 22.437425
41.294783 22.437425
41.301142 22.450155
41.304783 22.450155
41.311142 22.462943
41.314783 22.462943
41.321142 22.475788
41.324783 22.475788
41.331142 22.488691
41.334783 22.488691
41.341142 22.501650
41.344783 22.501650
41.351142 22.514665
41.354783 22.514665
41.361142 22.527736
41.364783 22.527736
41.371142 22.540862
41.374783 22.540862
41.381142 22.554043
41.384783 22.554043
41.391142 22.567278
41.394783 22.567278
41.401142 22.580567
41.404783 22.580567
41.411142 22.593910
41.414783 22.593910
41.421142 22.607305
41.424783 22.607305
41.431142 22.620754
41.434783 22.620754
41.441142 22.634254
41.444783 22.634254
41.451142 22.647806
41.454783 22.647806
41.461142 22.661410
41.464783 22.661410
41.471142 22.675065
41.474783 22.675065
41.481142 22.688770
41.484783 22.688770
41.491142 22.702525
41.494783 22.702525
41.501142 22.716330
41.504783 22.716330
41.511142 22.730184
41.514783 22.730184
41.521142 22.744088
41.524783 22.744088
41.531142 22.758040
41.534783 22.758040
41.541142 22.772040
41.544783 22.772040
41.551142 22.786088
41.554783 22.786088
41.561142 22.800183
41.564783 22.800183
41.571142 22.814326
41.574783 22.814326
41.581142 22.828515
41.584783 22.828515
41.591142 22.842750
41.594783 22.842750
41.601142 22.857031
41.604783 22.857031
41.611142 22.871358
41.614783 22.871358
41.621142 22.885730
41.624783 22.885730
41.631142 22.900147
41.634783 22.900147
41.641142 22.914609
41.644783 22.914609
41.651142 22.929114
41.654783 22.929114
41.661142 22.943664
41.664783 22.943664
41.671142 22.958257
41.674783 22.958257
41.681142 22.972892
41.684783 22.972892
41.691142 22.987571
41.694783 22.987571
41.701142 23.002292
41.704783 23.002292
41.711142 23.017055
41.714783 23.017055
41.721142 23.031860
41.724783 23.031860
41.731142 23.046706
41.734783 23.046706
41.741142 23.061593
41.744783 23.061593
41.751142 23.076521
41.754783 23.076521
41.761142 23.091490
41.764783 23.091490
41.771142 23.106498
41.774783 23.106498
41.781142 23.121547
41.784783 23.121547
41.791142 23.136634
41.794783 23.136634
41.801142 23.151761
41.804783 23.151761
41.811142 23.166927
41.814783 23.166927
41.821142 23.182131
41.824783 23.182131
41.831142 23.197374
41.834783 23.197374
41.841142 23.212654
41.844783 23.212654
41.851142 23.227972
41.854783 23.227972
41.861142 23.243327
41.864783 23.243327
41.871142 23.258719
41.874783 23.258719
41.881142 23.274148
41.884783 23.274148
41.891142 23.289614
41.894783 23.289614
41.901142 23.305115
41.904783 23.305115
41.911142 23.320653
41.914783 23.320653
41.921142 23.336226
41.924783 23.336226
41.931142 23.351834
41.934783 23.351834
41.941142 23.367477
41.944783 23.367477
41.951142 23.383155
41.954783 23.383155
41.961142 23.398867
41.964783 23.398867
41.971142 23.414614
41.974783 23.414614
41.981142 23.430394
41.984783 23.430394
41.991142 23.446208
41.994783 23.446208
42.001142 23.462056
42.004783 23.462056
42.011142 23.477936
42.014783 23.477936
42.021142 23.493850
42.024783 23.493850
42.031142 23.509795
42.034783 23.509795
42.041142 23.525774
42.044783 23.525774
42.051142 23.541784
42.054783 23.541784
42.061142 23.557826
42.064783 23.557826
42.071142 23.573899
42.074783 23.573899
42.081142 23.590004
42.084783 23.590004
42.091142 23.606140
42.094783 23.606140
42.101142 23.622307
42.104783 23.622307
42.111142 23.638504
42.114783 23.638504
42.121142 23.654732
42.124783 23.654732
42.131142 23.670989
42.134783 23.670989
42.141142 23.687277
42.144783 23.687277
42.151142 23.703593
42.154783 23.703593
42.161142 23.719940
42.164783 23.719940
42.171142 23.736315
42.174783 23.736315
42.181142 23.752720
42.184783 23.752720
42.191142 23.769153
42.194783 23.769153
42.201142 23.785614
42.204783 23.785614
42.211142 23.802103
42.214783 23.802103
42.221142 23.818621
42.224783 23.818621
42.231142 23.835166
42.234783 23.835166
42.241142 23.851739
42.244783 23.851739
42.251142 23.868339
42.254783 23.868339
42.261142 23.884967
42.264783 23.884967
42.271142 23.901621
42.274783 23.901621
42.281142 23.918301
42.284783 23.918301
42.291142 23.935009
42.294783 23.935009
42.301142 23.951742
42.304783 23.951742
42.311142 23.968502
42.314783 23.968502
42.321142 23.985287
42.324783 23.985287
42.331142 24.002098
42.334783 24.002098
42.341142 24.018934
42.344783 24.018934
42.351142 24.035796
42.354783 24.035796
42.361142 24.052682
42.364783 24.052682
42.371142 24.069593
42.374783 24.069593
42.381142 24.086529
42.384783 24.086529
42.391142 24.103490
42.394783 24.103490
42.401142 24.120474
42.404783 24.120474
42.411142 24.137483
42.414783 24.137483
42.421142 24.154515
42.424783 24.154515
42.431142 24.171572
42.434783 24.171572
42.441142 24.188651
42.444783 24.188651
42.451142 24.205754
42.454783 24.205754
42.461142 24.222880
42.464783 24.222880
42.471142 24.240029
42.474783 24.240029
42.481142 24.257200
42.484783 24.257200
42.491142 24.274394
42.494783 24.274394
42.501142 24.291611
42.504783 24.291611
42.511142 24.308849
42.514783 24.308849
42.521142 24.326110
42.524783 24.326110
42.531142 24.343392
42.534783 24.343392
42.541142 24.360696
42.544783 24.360696
42.551142 24.378022
42.554783 24.378022
42.561142 24.395369
42.564783 24.395369
42.571142 24.412737
42.574783 24.412737
42.581142 24.430126
42.584783 24.430126
42.591142 24.447536
42.594783 24.447536
42.601142 24.464966
42.604783 24.464966
42.611142 24.482417
42.614783 24.482417
42.621142 24.499888
42.624783 24.499888
42.631142 24.517380
42.634783 24.517380
42.641142 24.534891
42.644783 24.534891
42.651142 24.552422
42.654783 24.552422
42.661142 24.569973
42.664783 24.569973
42.671142 24.587544
42.674783 24.587544
42.681142 24.605133
42.684783 24.605133
42.691142 24.622742
42.694783 24.622742
42.701142 24.640370
42.704783 24.640370
42.711142 24.658017
42.714783 24.658017
42.721142 24.675683
42.724783 24.675683
42.731142 24.693367
42.734783 24.693367
42.741142 24.711070
42.744783 24.711070
42.751142 24.728791
42.754783 24.728791
42.761142 24.746530
42.764783 24.746530
42.771142 24.764287
42.774783 24.764287
42.781142 24.782062
42.784783 24.782062
42.791142 24.799855
42.794783 24.799855
42.801142 24.817665
42.804783 24.817665
42.811142 24.835493
42.814783 24.835493
42.821142 24.853338
42.824783 24.853338
42.831142 24.871200
42.834783 24.871200
42.841142 24.889080
42.844783 24.889080
42.851142 24.906976
42.854783 24.906976
42.861142 24.924889
42.864783 24.924889
42.871142 24.942819
42.874783 24.942819
42.881142 24.960765
42.884783 24.960765
42.891142 24.978727
42.894783 24.978727
42.901142 24.996706
42.904783 24.996706
42.911142 25.014701
42.914783 25.014701
42.921142 25.032712
42.924783 25.032712
42.931142 25.050738
42.934783 25.050738
42.941142 25.068781
42.944783 25.068781
42.951142 25.086838
42.954783 25.086838
42.961142 25.104912
42.964783 25.104912
42.971142 25.123001
42.974783 25.123001
42.981142 25.141105
42.984783 25.141105
42.991142 25.159224
42.994783 25.159224
43.001142 25.177358
43.004783 25.177358
43.011142 25.195507
43.014783 25.195507
43.021142 25.213671
43.024783 25.213671
43.031142 25.231849
43.034783 25.231849
43.041142 25.250042
43.044783 25.250042
43.051142 25.268249
43.054783 25.268249
43.061142 25.286471
43.064783 25.286471
43.071142 25.304707
43.074783 25.304707
43.081142 25.322956
43.084783 25.322956
43.091142 25.341220
43.094783 25.341220
43.101142 25.359498
43.104783 25.359498
43.111142 25.377789
43.114783 25.377789
43.121142 25.396094
43.124783 25.396094
43.131142 25.414412
43.134783 25.414412
43.141142 25.432744
43.144783 25.432744
43.151142 25.451089
43.154783 25.451089
43.161142 25.469447
43.164783 25.469447
43.171142 25.487819
43.174783 25.487819
43.181142 25.506203
43.184783 25.506203
43.191142 25.524600
43.194783 25.524600
43.201142 25.543010
43.204783 25.543010
43.211142 25.561433
43.214783 25.561433
43.221142 25.579868
43.224783 25.579868
43.231142 25.598316
43.234783 25.598316
43.241142 25.616776
43.244783 25.616776
43.251142 25.635248
43.254783 25.635248
43.261142 25.653733
43.264783 25.653733
43.271142 25.672230
43.274783 25.672230
43.281142 25.690738
43.284783 25.690738
43.291142 25.709259
43.294783 25.709259
43.301142 25.727791
43.304783 25.727791
43.311142 25.746335
43.314783 25.746335
43.321142 25.764890
43.324783 25.764890
43.331142 25.783457
43.334783 25.783457
43.341142 25.802036
43.344783 25.802036
43.351142 25.820626
43.354783 25.820626
43.361142 25.839227
43.364783 25.839227
43.371142 25.857839
43.374783 25.857839
43.381142 25.876462
43.384783 25.876462
43.391142 25.895096
43.394783 25.895096
43.401142 25.913741
43.404783 25.913741
43.411142 25.932397
43.414783 25.932397
43.421142 25.951064
43.424783 25.951064
43.431142 25.969741
43.434783 25.969741
43.441142 25.988429
43.444783 25.988429
43.451142 26.007127
43.454783 26.007127
43.461142 26.025836
43.464783 26.025836
43.471142 26.044555
43.474783 26.044555
43.481142 26.063284
43.484783 26.063284
43.491142 26.082023
43.494783 26.082023
43.501142 26.100772
43.504783 26.100772
43.511142 26.119531
43.514783 26.119531
43.521142 26.138300
43.524783 26.138300
43.531142 26.157079
43.534783 26.157079
43.541142 26.175868
43.544783 26.175868
43.551142 26.194666
43.554783 26.194666
43.561142 26.213474
43.564783 26.213474
43.571142 26.232292
43.574783 26.232292
43.581142 26.251118
43.584783 26.251118
43.591142 26.269954
43.594783 26.269954
43.601142 26.288800
43.604783 26.288800
43.611142 26.307655
43.614783 26.307655
43.621142 26.326518
43.624783 26.326518
43.631142 26.345391
43.634783 26.345391
43.641142 26.364273
43.644783 26.364273
43.651142 26.383164
43.654783 26.383164
43.661142 26.402063
43.664783 26.402063
43.671142 26.420971
43.674783 26.420971
43.681142 26.439888
43.684783 26.439888
43.691142 26.458814
43.694783 26.458814
43.701142 26.477748
43.704783 26.477748
43.711142 26.496691
43.714783 26.496691
43.721142 26.515642
43.724783 26.515642
43.731142 26.534601
43.734783 26.534601
43.741142 26.553569
43.744783 26.553569
43.751142 26.572545
43.754783 26.572545
43.761142 26.591529
43.764783 26.591529
43.771142 26.610522
43.774783 26.610522
43.781142 26.629522
43.784783 26.629522
43.791142 26.648530
43.794783 26.648530
43.801142 26.667546
43.804783 26.667546
43.811142 26.686570
43.814783 26.686570
43.821142 26.705602
43.824783 26.705602
43.831142 26.724641
43.834783 26.724641
43.841142 26.743689
43.844783 26.743689
43.851142 26.762743
43.854783 26.762743
43.861142 26.781805
43.864783 26.781805
43.871142 26.800875
43.874783 26.800875
43.881142 26.819952
43.884783 26.819952
43.891142 26.839037
43.894783 26.839037
43.901142 26.858129
43.904783 26.858129
43.911142 26.877228
43.914783 26.877228
43.921142 26.896334
43.924783 26.896334
43.931142 26.915447
43.934783 26.915447
43.941142 26.934567
43.944783 26.934567
43.951142 26.953695
43.954783 26.953695
43.961142 26.972829
43.964783 26.972829
43.971142 26.991970
43.974783 26.991970
43.981142 27.011119
43.984783 27.011119
43.991142 27.030273
43.994783 27.030273
44.001142 27.049435
44.004783 27.049435
